0,0
1,0
2,0
3,-1
4,-1
5,-2
6,-2
7,-3
8,-4
9,-5
10,-6
11,-6
12,-7
13,-8
14,-9
15,-10
16,-11
17,-12
18,-13
19,-14
20,-15
21,-16
22,-17
23,-19
24,-20
25,-20
26,-22
27,-23
28,-24
29,-26
30,-27
31,-27
32,-29
33,-30
34,-32
35,-33
36,-35
37,-35
38,-37
39,-38
40,-40
41,-42
42,-44
43,-44
44,-46
45,-48
46,-50
47,-52
48,-54
49,-55
50,-57
51,-59
52,-61
53,-63
54,-64
55,-65
56,-67
57,-69
58,-70
59,-72
60,-74
61,-75
62,-77
63,-78
64,-80
65,-82
66,-84
67,-85
68,-87
69,-89
70,-91
71,-93
72,-95
73,-96
74,-98
75,-99
76,-101
77,-103
78,-105
79,-105
80,-107
81,-108
82,-110
83,-111
84,-113
85,-113
86,-115
87,-116
88,-118
89,-119
90,-121
91,-121
92,-123
93,-124
94,-126
95,-127
96,-129
97,-130
98,-131
99,-133
100,-135
101,-137
102,-139
103,-139
104,-141
105,-143
106,-145
107,-147
108,-149
109,-150
110,-152
111,-154
112,-155
113,-157
114,-159
115,-160
116,-161
117,-163
118,-165
119,-167
120,-168
121,-169
122,-171
123,-173
124,-175
125,-177
126,-179
127,-179
128,-181
129,-183
130,-185
131,-187
132,-189
133,-190
134,-191
135,-193
136,-195
137,-196
138,-197
139,-198
140,-199
141,-201
142,-202
143,-203
144,-204
145,-204
146,-206
147,-207
148,-208
149,-209
150,-210
151,-210
152,-211
153,-212
154,-213
155,-214
156,-215
157,-216
158,-217
159,-219
160,-220
161,-221
162,-222
163,-223
164,-224
165,-226
166,-227
167,-228
168,-230
169,-231
170,-232
171,-234
172,-235
173,-237
174,-238
175,-239
176,-240
177,-242
178,-244
179,-245
180,-247
181,-247
182,-249
183,-250
184,-252
185,-254
186,-255
187,-256
188,-258
189,-259
190,-261
191,-263
192,-265
193,-265
194,-267
195,-269
196,-271
197,-273
198,-274
199,-275
200,-277
201,-279
202,-280
203,-282
204,-283
205,-284
206,-286
207,-287
208,-288
209,-290
210,-291
211,-291
212,-293
213,-294
214,-295
215,-296
216,-297
217,-297
218,-298
219,-299
220,-300
221,-301
222,-302
223,-303
224,-304
225,-305
226,-306
227,-307
228,-308
229,-309
230,-310
231,-311
232,-313
233,-314
234,-315
235,-316
236,-317
237,-319
238,-320
239,-321
240,-323
241,-324
242,-325
243,-327
244,-328
245,-330
246,-332
247,-333
248,-334
249,-336
250,-338
251,-339
252,-341
253,-342
254,-344
255,-346
256,-347
257,-349
258,-351
259,-352
260,-354
261,-356
262,-358
263,-360
264,-362
265,-363
266,-365
267,-367
268,-369
269,-371
270,-373
271,-374
272,-375
273,-377
274,-379
275,-380
276,-382
277,-383
278,-384
279,-385
280,-387
281,-388
282,-389
283,-390
284,-391
285,-393
286,-394
287,-395
288,-397
289,-397
290,-399
291,-400
292,-402
293,-403
294,-404
295,-405
296,-406
297,-408
298,-410
299,-411
300,-413
301,-413
302,-415
303,-417
304,-418
305,-420
306,-422
307,-422
308,-424
309,-426
310,-427
311,-429
312,-431
313,-432
314,-434
315,-436
316,-438
317,-440
318,-442
319,-443
320,-445
321,-447
322,-449
323,-451
324,-454
325,-455
326,-457
327,-459
328,-462
329,-464
330,-466
331,-467
332,-469
333,-471
334,-473
335,-475
336,-477
337,-478
338,-480
339,-482
340,-484
341,-486
342,-487
343,-488
344,-490
345,-492
346,-494
347,-496
348,-498
349,-499
350,-501
351,-503
352,-505
353,-507
354,-509
355,-510
356,-512
357,-514
358,-516
359,-518
360,-521
361,-522
362,-524
363,-526
364,-529
365,-531
366,-534
367,-535
368,-538
369,-541
370,-543
371,-546
372,-549
373,-550
374,-553
375,-555
376,-558
377,-561
378,-563
379,-564
380,-567
381,-569
382,-571
383,-574
384,-576
385,-577
386,-579
387,-581
388,-584
389,-586
390,-588
391,-589
392,-591
393,-594
394,-596
395,-598
396,-600
397,-601
398,-603
399,-605
400,-607
401,-610
402,-612
403,-613
404,-615
405,-618
406,-620
407,-622
408,-625
409,-626
410,-629
411,-631
412,-634
413,-636
414,-638
415,-640
416,-642
417,-645
418,-647
419,-649
420,-652
421,-653
422,-655
423,-658
424,-660
425,-662
426,-664
427,-665
428,-667
429,-670
430,-672
431,-674
432,-676
433,-677
434,-679
435,-680
436,-682
437,-684
438,-686
439,-687
440,-688
441,-690
442,-692
443,-694
444,-695
445,-696
446,-698
447,-699
448,-701
449,-703
450,-705
451,-706
452,-707
453,-709
454,-711
455,-713
456,-715
457,-716
458,-718
459,-720
460,-722
461,-724
462,-726
463,-726
464,-728
465,-730
466,-732
467,-734
468,-736
469,-737
470,-739
471,-741
472,-742
473,-744
474,-746
475,-746
476,-748
477,-749
478,-751
479,-753
480,-754
481,-755
482,-756
483,-758
484,-759
485,-761
486,-762
487,-763
488,-764
489,-766
490,-767
491,-768
492,-770
493,-770
494,-772
495,-773
496,-775
497,-776
498,-777
499,-778
500,-779
501,-780
502,-782
503,-783
504,-784
505,-785
506,-786
507,-787
508,-789
509,-790
510,-791
511,-792
512,-793
513,-795
514,-796
515,-798
516,-799
517,-800
518,-801
519,-802
520,-804
521,-805
522,-807
523,-807
524,-809
525,-810
526,-812
527,-813
528,-815
529,-815
530,-817
531,-819
532,-820
533,-822
534,-823
535,-824
536,-825
537,-827
538,-828
539,-830
540,-832
541,-832
542,-834
543,-835
544,-837
545,-838
546,-839
547,-840
548,-841
549,-843
550,-844
551,-845
552,-846
553,-847
554,-848
555,-848
556,-849
557,-850
558,-851
559,-851
560,-852
561,-852
562,-852
563,-853
564,-853
565,-853
566,-853
567,-854
568,-854
569,-854
570,-854
571,-854
572,-854
573,-855
574,-855
575,-855
576,-855
577,-855
578,-855
579,-855
580,-856
581,-856
582,-856
583,-856
584,-856
585,-856
586,-856
587,-856
588,-857
589,-857
590,-857
591,-857
592,-857
593,-857
594,-857
595,-857
596,-857
597,-857
598,-858
599,-858
600,-858
601,-858
602,-858
603,-858
604,-858
605,-858
606,-859
607,-859
608,-859
609,-859
610,-859
611,-859
612,-859
613,-859
614,-859
615,-859
616,-860
617,-860
618,-860
619,-860
620,-860
621,-860
622,-860
623,-860
624,-861
625,-861
626,-861
627,-861
628,-861
629,-861
630,-862
631,-862
632,-862
633,-862
634,-862
635,-862
636,-863
637,-863
638,-863
639,-863
640,-863
641,-863
642,-863
643,-863
644,-864
645,-864
646,-864
647,-864
648,-864
649,-864
650,-864
651,-864
652,-864
653,-865
654,-865
655,-865
656,-865
657,-865
658,-865
659,-865
660,-865
661,-865
662,-865
663,-866
664,-866
665,-866
666,-866
667,-866
668,-866
669,-866
670,-866
671,-866
672,-866
673,-866
674,-866
675,-866
676,-867
677,-867
678,-867
679,-867
680,-867
681,-867
682,-867
683,-867
684,-867
685,-867
686,-867
687,-867
688,-868
689,-868
690,-868
691,-868
692,-868
693,-868
694,-868
695,-868
696,-868
697,-868
698,-868
699,-868
700,-868
701,-868
702,-868
703,-868
704,-869
705,-869
706,-869
707,-869
708,-869
709,-869
710,-869
711,-869
712,-869
713,-870
714,-870
715,-870
716,-870
717,-870
718,-870
719,-870
720,-870
721,-870
722,-871
723,-871
724,-871
725,-871
726,-871
727,-871
728,-871
729,-871
730,-872
731,-872
732,-872
733,-872
734,-872
735,-872
736,-872
737,-873
738,-873
739,-873
740,-873
741,-873
742,-873
743,-874
744,-874
745,-874
746,-874
747,-874
748,-875
749,-875
750,-875
751,-875
752,-876
753,-876
754,-876
755,-876
756,-877
757,-877
758,-877
759,-877
760,-878
761,-878
762,-878
763,-878
764,-878
765,-879
766,-879
767,-879
768,-879
769,-879
770,-880
771,-880
772,-880
773,-881
774,-881
775,-881
776,-881
777,-882
778,-882
779,-882
780,-883
781,-883
782,-883
783,-883
784,-884
785,-884
786,-884
787,-885
788,-885
789,-885
790,-886
791,-886
792,-887
793,-887
794,-887
795,-888
796,-888
797,-889
798,-889
799,-890
800,-890
801,-891
802,-891
803,-892
804,-892
805,-893
806,-893
807,-894
808,-894
809,-895
810,-895
811,-895
812,-896
813,-896
814,-896
815,-897
816,-897
817,-897
818,-898
819,-898
820,-899
821,-900
822,-900
823,-900
824,-901
825,-901
826,-902
827,-902
828,-903
829,-903
830,-903
831,-904
832,-904
833,-905
834,-905
835,-905
836,-905
837,-906
838,-906
839,-906
840,-906
841,-907
842,-907
843,-907
844,-907
845,-908
846,-908
847,-908
848,-908
849,-909
850,-909
851,-909
852,-910
853,-910
854,-910
855,-910
856,-911
857,-911
858,-911
859,-911
860,-912
861,-912
862,-913
863,-913
864,-913
865,-914
866,-914
867,-915
868,-915
869,-915
870,-916
871,-916
872,-916
873,-916
874,-917
875,-917
876,-917
877,-917
878,-918
879,-918
880,-918
881,-919
882,-919
883,-919
884,-920
885,-920
886,-920
887,-921
888,-921
889,-921
890,-922
891,-922
892,-923
893,-924
894,-924
895,-924
896,-925
897,-926
898,-926
899,-927
900,-928
901,-928
902,-929
903,-929
904,-930
905,-931
906,-932
907,-932
908,-933
909,-934
910,-934
911,-935
912,-935
913,-936
914,-936
915,-937
916,-937
917,-938
918,-938
919,-938
920,-939
921,-939
922,-939
923,-940
924,-940
925,-940
926,-941
927,-941
928,-942
929,-942
930,-943
931,-943
932,-943
933,-943
934,-944
935,-944
936,-944
937,-945
938,-945
939,-945
940,-945
941,-946
942,-946
943,-946
944,-946
945,-946
946,-946
947,-946
948,-946
949,-946
950,-947
951,-947
952,-947
953,-947
954,-947
955,-947
956,-947
957,-947
958,-947
959,-947
960,-948
961,-948
962,-948
963,-948
964,-948
965,-948
966,-948
967,-948
968,-948
969,-948
970,-948
971,-949
972,-949
973,-949
974,-949
975,-949
976,-949
977,-949
978,-949
979,-949
980,-949
981,-950
982,-950
983,-950
984,-950
985,-950
986,-950
987,-950
988,-950
989,-950
990,-951
991,-951
992,-951
993,-951
994,-951
995,-951
996,-951
997,-951
998,-951
999,-951
1000,-951
1001,-951
1002,-951
1003,-951
1004,-951
1005,-952
1006,-952
1007,-952
1008,-952
1009,-952
1010,-952
1011,-952
1012,-952
1013,-952
1014,-952
1015,-952
1016,-952
1017,-952
1018,-952
1019,-952
1020,-952
1021,-952
1022,-952
1023,-952
1024,-952
1025,-952
1026,-953
1027,-953
1028,-953
1029,-953
1030,-953
1031,-953
1032,-953
1033,-953
1034,-953
1035,-953
1036,-953
1037,-953
1038,-953
1039,-953
1040,-953
1041,-953
1042,-953
1043,-953
1044,-953
1045,-953
1046,-953
1047,-953
1048,-954
1049,-954
1050,-954
1051,-954
1052,-954
1053,-954
1054,-954
1055,-954
1056,-954
1057,-954
1058,-954
1059,-954
1060,-954
1061,-954
1062,-954
1063,-954
1064,-954
1065,-954
1066,-954
1067,-955
1068,-955
1069,-955
1070,-955
1071,-955
1072,-955
1073,-955
1074,-955
1075,-955
1076,-955
1077,-955
1078,-955
1079,-955
1080,-955
1081,-955
1082,-955
1083,-955
1084,-955
1085,-955
1086,-955
1087,-955
1088,-955
1089,-955
1090,-955
1091,-955
1092,-955
1093,-955
1094,-955
1095,-955
1096,-955
1097,-955
1098,-955
1099,-955
1100,-955
1101,-955
1102,-956
1103,-956
1104,-956
1105,-956
1106,-956
1107,-956
1108,-956
1109,-956
1110,-956
1111,-956
1112,-956
1113,-956
1114,-956
1115,-956
1116,-956
1117,-956
1118,-956
1119,-956
1120,-956
1121,-956
1122,-956
1123,-956
1124,-956
1125,-956
1126,-957
1127,-957
1128,-957
1129,-957
1130,-957
1131,-957
1132,-957
1133,-957
1134,-957
1135,-957
1136,-957
1137,-957
1138,-957
1139,-957
1140,-957
1141,-957
1142,-957
1143,-957
1144,-957
1145,-957
1146,-957
1147,-957
1148,-957
1149,-957
1150,-957
1151,-957
1152,-957
1153,-957
1154,-957
1155,-957
1156,-958
1157,-958
1158,-958
1159,-958
1160,-958
1161,-958
1162,-958
1163,-958
1164,-958
1165,-958
1166,-958
1167,-958
1168,-958
1169,-958
1170,-958
1171,-958
1172,-958
1173,-958
1174,-958
1175,-958
1176,-958
1177,-958
1178,-958
1179,-958
1180,-958
1181,-958
1182,-958
1183,-958
1184,-958
1185,-958
1186,-958
1187,-958
1188,-958
1189,-958
1190,-958
1191,-958
1192,-958
1193,-958
1194,-958
1195,-958
1196,-958
1197,-958
1198,-958
1199,-958
1200,-958
1201,-958
1202,-958
1203,-958
1204,-958
1205,-958
1206,-958
1207,-958
1208,-958
1209,-958
1210,-958
1211,-958
1212,-958
1213,-958
1214,-959
1215,-959
1216,-959
1217,-959
1218,-959
1219,-959
1220,-959
1221,-959
1222,-959
1223,-959
1224,-959
1225,-959
1226,-959
1227,-959
1228,-959
1229,-959
1230,-959
1231,-959
1232,-959
1233,-959
1234,-959
1235,-959
1236,-959
1237,-959
1238,-959
1239,-959
1240,-959
1241,-959
1242,-959
1243,-959
1244,-959
1245,-959
1246,-959
1247,-959
1248,-959
1249,-959
1250,-959
1251,-959
1252,-959
1253,-959
1254,-959
1255,-959
1256,-959
1257,-959
1258,-959
1259,-959
1260,-959
1261,-959
1262,-959
1263,-959
1264,-959
1265,-959
1266,-959
1267,-959
1268,-959
1269,-959
1270,-959
1271,-959
1272,-959
1273,-959
1274,-959
1275,-959
1276,-959
1277,-959
1278,-959
1279,-959
1280,-959
1281,-959
1282,-959
1283,-959
1284,-959
1285,-959
1286,-959
1287,-959
1288,-959
1289,-959
1290,-959
1291,-959
1292,-959
1293,-959
1294,-959
1295,-959
1296,-959
1297,-959
1298,-959
1299,-959
1300,-959
1301,-959
1302,-959
1303,-959
1304,-959
1305,-959
1306,-959
1307,-959
1308,-959
1309,-959
1310,-959
1311,-959
1312,-959
1313,-959
1314,-959
1315,-959
1316,-959
1317,-959
1318,-959
1319,-959
1320,-959
1321,-959
1322,-959
1323,-959
1324,-959
1325,-959
1326,-959
1327,-959
1328,-959
1329,-959
1330,-959
1331,-959
1332,-959
1333,-959
1334,-959
1335,-959
1336,-959
1337,-959
1338,-959
1339,-959
1340,-959
1341,-959
1342,-959
1343,-959
1344,-959
1345,-959
1346,-959
1347,-959
1348,-959
1349,-959
1350,-959
1351,-959
1352,-959
1353,-959
1354,-959
1355,-959
1356,-959
1357,-959
1358,-959
1359,-959
1360,-959
1361,-959
1362,-959
1363,-959
1364,-959
1365,-959
1366,-959
1367,-959
1368,-959
1369,-959
1370,-959
1371,-959
1372,-959
1373,-959
1374,-959
1375,-959
1376,-959
1377,-959
1378,-959
1379,-959
1380,-960
1381,-960
1382,-960
1383,-960
1384,-960
1385,-960
1386,-960
1387,-960
1388,-960
1389,-960
1390,-960
1391,-960
1392,-960
1393,-960
1394,-960
1395,-960
1396,-960
1397,-960
1398,-960
1399,-960
1400,-960
1401,-960
1402,-960
1403,-960
1404,-960
1405,-960
1406,-960
1407,-960
1408,-960
1409,-960
1410,-960
1411,-960
1412,-960
1413,-960
1414,-960
1415,-960
1416,-960
1417,-960
1418,-960
1419,-960
1420,-960
1421,-960
1422,-960
1423,-960
1424,-960
1425,-960
1426,-960
1427,-960
1428,-960
1429,-960
1430,-960
1431,-960
1432,-960
1433,-960
1434,-960
1435,-960
1436,-960
1437,-960
1438,-960
1439,-960
1440,-960
1441,-960
1442,-960
1443,-960
1444,-960
1445,-960
1446,-960
1447,-960
1448,-960
1449,-960
1450,-960
1451,-960
1452,-960
1453,-960
1454,-960
1455,-960
1456,-960
1457,-961
1458,-961
1459,-961
1460,-961
1461,-961
1462,-961
1463,-961
1464,-961
1465,-961
1466,-961
1467,-961
1468,-961
1469,-961
1470,-961
1471,-961
1472,-961
1473,-961
1474,-961
1475,-962
1476,-962
1477,-962
1478,-962
1479,-962
1480,-962
1481,-962
1482,-962
1483,-962
1484,-962
1485,-962
1486,-963
1487,-963
1488,-963
1489,-963
1490,-963
1491,-963
1492,-963
1493,-963
1494,-963
1495,-963
1496,-964
1497,-964
1498,-964
1499,-964
1500,-964
1501,-964
1502,-964
1503,-965
1504,-965
1505,-965
1506,-965
1507,-965
1508,-965
1509,-966
1510,-966
1511,-966
1512,-966
1513,-966
1514,-966
1515,-966
1516,-967
1517,-967
1518,-967
1519,-967
1520,-967
1521,-967
1522,-967
1523,-967
1524,-968
1525,-968
1526,-968
1527,-968
1528,-968
1529,-968
1530,-968
1531,-968
1532,-968
1533,-968
1534,-969
1535,-969
1536,-969
1537,-969
1538,-969
1539,-969
1540,-969
1541,-969
1542,-969
1543,-969
1544,-969
1545,-969
1546,-970
1547,-970
1548,-970
1549,-970
1550,-970
1551,-970
1552,-970
1553,-970
1554,-970
1555,-970
1556,-970
1557,-971
1558,-971
1559,-971
1560,-971
1561,-971
1562,-971
1563,-971
1564,-971
1565,-971
1566,-971
1567,-971
1568,-971
1569,-972
1570,-972
1571,-972
1572,-972
1573,-972
1574,-972
1575,-972
1576,-972
1577,-972
1578,-972
1579,-972
1580,-973
1581,-973
1582,-973
1583,-973
1584,-973
1585,-973
1586,-973
1587,-973
1588,-974
1589,-974
1590,-974
1591,-974
1592,-974
1593,-974
1594,-974
1595,-974
1596,-974
1597,-974
1598,-975
1599,-975
1600,-975
1601,-975
1602,-975
1603,-975
1604,-975
1605,-975
1606,-976
1607,-976
1608,-976
1609,-976
1610,-976
1611,-976
1612,-976
1613,-977
1614,-977
1615,-977
1616,-977
1617,-977
1618,-977
1619,-977
1620,-978
1621,-978
1622,-978
1623,-978
1624,-978
1625,-978
1626,-978
1627,-978
1628,-979
1629,-979
1630,-979
1631,-979
1632,-979
1633,-979
1634,-979
1635,-980
1636,-980
1637,-980
1638,-980
1639,-980
1640,-980
1641,-981
1642,-981
1643,-981
1644,-981
1645,-981
1646,-981
1647,-982
1648,-982
1649,-982
1650,-982
1651,-982
1652,-982
1653,-983
1654,-983
1655,-983
1656,-983
1657,-983
1658,-983
1659,-983
1660,-984
1661,-984
1662,-984
1663,-984
1664,-984
1665,-984
1666,-985
1667,-985
1668,-985
1669,-985
1670,-985
1671,-986
1672,-986
1673,-986
1674,-987
1675,-987
1676,-987
1677,-987
1678,-988
1679,-988
1680,-989
1681,-989
1682,-989
1683,-990
1684,-990
1685,-991
1686,-991
1687,-991
1688,-992
1689,-992
1690,-993
1691,-993
1692,-994
1693,-994
1694,-995
1695,-995
1696,-996
1697,-996
1698,-996
1699,-996
1700,-997
1701,-997
1702,-997
1703,-998
1704,-998
1705,-998
1706,-998
1707,-998
1708,-998
1709,-999
1710,-999
1711,-999
1712,-999
1713,-999
1714,-1000
1715,-1000
1716,-1000
1717,-1000
1718,-1000
1719,-1001
1720,-1001
1721,-1001
1722,-1001
1723,-1001
1724,-1002
1725,-1002
1726,-1002
1727,-1002
1728,-1002
1729,-1002
1730,-1003
1731,-1003
1732,-1003
1733,-1004
1734,-1004
1735,-1004
1736,-1004
1737,-1005
1738,-1005
1739,-1005
1740,-1006
1741,-1006
1742,-1006
1743,-1006
1744,-1007
1745,-1007
1746,-1007
1747,-1007
1748,-1008
1749,-1008
1750,-1008
1751,-1009
1752,-1009
1753,-1009
1754,-1009
1755,-1010
1756,-1010
1757,-1010
1758,-1011
1759,-1011
1760,-1011
1761,-1011
1762,-1012
1763,-1012
1764,-1012
1765,-1012
1766,-1013
1767,-1013
1768,-1013
1769,-1014
1770,-1014
1771,-1014
1772,-1015
1773,-1015
1774,-1015
1775,-1016
1776,-1016
1777,-1016
1778,-1017
1779,-1017
1780,-1018
1781,-1018
1782,-1019
1783,-1019
1784,-1019
1785,-1019
1786,-1020
1787,-1020
1788,-1021
1789,-1021
1790,-1021
1791,-1021
1792,-1022
1793,-1022
1794,-1022
1795,-1022
1796,-1022
1797,-1023
1798,-1023
1799,-1023
