0,0
1,0
2,1
3,1
4,2
5,2
6,3
7,4
8,6
9,7
10,9
11,10
12,11
13,13
14,15
15,18
16,20
17,21
18,23
19,25
20,27
21,30
22,32
23,33
24,35
25,38
26,40
27,42
28,44
29,45
30,48
31,50
32,52
33,54
34,56
35,57
36,59
37,62
38,64
39,65
40,67
41,68
42,70
43,72
44,74
45,75
46,77
47,78
48,80
49,82
50,83
51,85
52,87
53,88
54,90
55,92
56,94
57,96
58,98
59,99
60,102
61,104
62,107
63,109
64,111
65,113
66,115
67,117
68,120
69,122
70,125
71,126
72,128
73,131
74,133
75,135
76,138
77,139
78,142
79,144
80,147
81,149
82,152
83,153
84,156
85,158
86,161
87,163
88,166
89,167
90,169
91,172
92,175
93,177
94,180
95,181
96,184
97,187
98,190
99,193
100,196
101,198
102,201
103,204
104,207
105,210
106,213
107,215
108,218
109,221
110,224
111,227
112,229
113,231
114,234
115,237
116,240
117,243
118,245
119,247
120,250
121,252
122,255
123,258
124,260
125,262
126,264
127,267
128,270
129,272
130,275
131,277
132,280
133,283
134,286
135,289
136,292
137,293
138,296
139,299
140,302
141,305
142,308
143,310
144,313
145,316
146,319
147,322
148,325
149,327
150,330
151,333
152,337
153,340
154,343
155,344
156,347
157,350
158,353
159,356
160,359
161,360
162,363
163,366
164,369
165,372
166,375
167,377
168,380
169,383
170,385
171,388
172,391
173,393
174,396
175,399
176,401
177,404
178,407
179,409
180,412
181,415
182,418
183,421
184,424
185,425
186,428
187,431
188,433
189,436
190,439
191,440
192,442
193,445
194,448
195,450
196,452
197,454
198,456
199,459
200,462
201,464
202,467
203,468
204,471
205,474
206,476
207,479
208,482
209,483
210,486
211,489
212,492
213,494
214,497
215,499
216,502
217,505
218,508
219,511
220,514
221,515
222,518
223,521
224,524
225,527
226,529
227,530
228,533
229,536
230,538
231,541
232,543
233,544
234,547
235,550
236,552
237,555
238,557
239,558
240,561
241,563
242,566
243,568
244,571
245,572
246,574
247,576
248,579
249,581
250,584
251,585
252,588
253,590
254,593
255,596
256,598
257,599
258,602
259,605
260,607
261,610
262,612
263,613
264,615
265,618
266,620
267,622
268,624
269,625
270,628
271,630
272,632
273,634
274,636
275,637
276,639
277,641
278,643
279,645
280,647
281,648
282,650
283,652
284,654
285,656
286,658
287,659
288,661
289,663
290,665
291,667
292,669
293,670
294,672
295,675
296,677
297,679
298,681
299,682
300,685
301,687
302,689
303,691
304,694
305,694
306,696
307,698
308,700
309,702
310,704
311,705
312,707
313,709
314,710
315,712
316,714
317,714
318,716
319,717
320,719
321,720
322,721
323,722
324,723
325,724
326,726
327,727
328,728
329,729
330,730
331,731
332,732
333,733
334,735
335,735
336,736
337,737
338,739
339,740
340,741
341,741
342,743
343,744
344,745
345,746
346,747
347,748
348,749
349,750
350,752
351,753
352,754
353,755
354,756
355,758
356,759
357,761
358,763
359,763
360,765
361,767
362,768
363,770
364,772
365,772
366,774
367,776
368,777
369,779
370,780
371,781
372,782
373,783
374,785
375,786
376,787
377,788
378,789
379,790
380,791
381,793
382,794
383,794
384,795
385,797
386,798
387,799
388,800
389,801
390,802
391,803
392,804
393,805
394,806
395,807
396,808
397,808
398,809
399,810
400,811
401,811
402,812
403,813
404,814
405,814
406,815
407,815
408,816
409,816
410,817
411,817
412,818
413,818
414,818
415,818
416,819
417,819
418,819
419,819
420,820
421,820
422,820
423,820
424,821
425,821
426,821
427,822
428,822
429,822
430,822
431,823
432,823
433,823
434,823
435,824
436,824
437,824
438,825
439,825
440,825
441,826
442,826
443,826
444,826
445,827
446,827
447,827
448,827
449,827
450,828
451,828
452,828
453,829
454,829
455,829
456,829
457,830
458,830
459,830
460,830
461,830
462,831
463,831
464,831
465,832
466,832
467,832
468,832
469,832
470,833
471,833
472,833
473,833
474,833
475,834
476,834
477,834
478,835
479,835
480,835
481,835
482,836
483,836
484,836
485,836
486,837
487,837
488,837
489,838
490,838
491,838
492,838
493,839
494,839
495,839
496,840
497,840
498,840
499,840
500,841
501,841
502,841
503,842
504,842
505,842
506,842
507,843
508,843
509,843
510,843
511,844
512,844
513,844
514,845
515,845
516,845
517,846
518,847
519,847
520,848
521,848
522,849
523,850
524,850
525,851
526,852
527,853
528,854
529,855
530,856
531,857
532,858
533,858
534,859
535,860
536,861
537,862
538,863
539,864
540,865
541,866
542,867
543,868
544,869
545,870
546,871
547,872
548,873
549,874
550,875
551,875
552,876
553,877
554,878
555,879
556,880
557,881
558,882
559,883
560,884
561,885
562,886
563,887
564,888
565,889
566,890
567,892
568,893
569,893
570,895
571,896
572,897
573,898
574,899
575,900
576,901
577,902
578,903
579,904
580,905
581,906
582,907
583,908
584,908
585,909
586,910
587,911
588,911
589,912
590,913
591,914
592,915
593,915
594,916
595,916
596,917
597,918
598,919
599,919
600,920
601,920
602,921
603,922
604,923
605,923
606,924
607,925
608,925
609,926
610,927
611,928
612,929
613,930
614,931
615,932
616,933
617,934
618,935
619,936
620,937
621,939
622,940
623,941
624,942
625,944
626,946
627,947
628,949
629,950
630,951
631,953
632,955
633,957
634,958
635,959
636,961
637,962
638,964
639,965
640,967
641,967
642,969
643,970
644,971
645,973
646,974
647,975
648,976
649,977
650,979
651,980
652,982
653,983
654,984
655,986
656,988
657,990
658,991
659,992
660,994
661,995
662,997
663,998
664,1000
665,1000
666,1002
667,1003
668,1004
669,1006
670,1007
671,1007
672,1009
673,1010
674,1011
675,1013
676,1014
677,1014
678,1016
679,1017
680,1019
681,1020
682,1022
683,1022
684,1024
685,1025
686,1027
687,1029
688,1031
689,1032
690,1034
691,1035
692,1037
693,1039
694,1041
695,1042
696,1044
697,1046
698,1048
699,1050
700,1052
701,1052
702,1054
703,1056
704,1058
705,1060
706,1062
707,1063
708,1064
709,1066
710,1068
711,1070
712,1072
713,1073
714,1075
715,1078
716,1080
717,1082
718,1084
719,1085
720,1087
721,1089
722,1091
723,1093
724,1095
725,1095
726,1097
727,1099
728,1100
729,1102
730,1103
731,1104
732,1105
733,1107
734,1108
735,1110
736,1112
737,1112
738,1114
739,1116
740,1117
741,1119
742,1121
743,1122
744,1123
745,1125
746,1127
747,1129
748,1131
749,1132
750,1134
751,1136
752,1138
753,1139
754,1141
755,1142
756,1144
757,1146
758,1148
759,1150
760,1152
761,1153
762,1155
763,1157
764,1159
765,1162
766,1164
767,1165
768,1167
769,1169
770,1171
771,1173
772,1175
773,1176
774,1178
775,1180
776,1182
777,1184
778,1186
779,1187
780,1188
781,1190
782,1192
783,1194
784,1195
785,1196
786,1198
787,1200
788,1202
789,1204
790,1206
791,1207
792,1209
793,1211
794,1213
795,1215
796,1218
797,1219
798,1221
799,1223
800,1226
801,1228
802,1231
803,1232
804,1234
805,1237
806,1239
807,1241
808,1244
809,1245
810,1247
811,1250
812,1252
813,1254
814,1257
815,1258
816,1260
817,1263
818,1265
819,1268
820,1270
821,1271
822,1274
823,1276
824,1278
825,1280
826,1282
827,1283
828,1286
829,1288
830,1290
831,1292
832,1294
833,1295
834,1297
835,1299
836,1302
837,1304
838,1306
839,1307
840,1310
841,1312
842,1314
843,1317
844,1319
845,1320
846,1323
847,1325
848,1327
849,1330
850,1332
851,1333
852,1335
853,1338
854,1340
855,1343
856,1345
857,1347
858,1349
859,1352
860,1354
861,1357
862,1360
863,1361
864,1363
865,1366
866,1368
867,1371
868,1373
869,1374
870,1376
871,1379
872,1381
873,1383
874,1385
875,1386
876,1388
877,1391
878,1393
879,1395
880,1397
881,1398
882,1401
883,1403
884,1405
885,1407
886,1410
887,1411
888,1413
889,1415
890,1417
891,1419
892,1422
893,1423
894,1425
895,1427
896,1429
897,1432
898,1434
899,1435
900,1437
901,1439
902,1441
903,1443
904,1445
905,1446
906,1448
907,1450
908,1452
909,1453
910,1455
911,1456
912,1457
913,1459
914,1460
915,1461
916,1463
917,1463
918,1464
919,1465
920,1466
921,1467
922,1468
923,1468
924,1469
925,1470
926,1471
927,1472
928,1473
929,1473
930,1474
931,1475
932,1475
933,1476
934,1477
935,1477
936,1478
937,1479
938,1480
939,1481
940,1482
941,1482
942,1483
943,1484
944,1485
945,1486
946,1487
947,1487
948,1488
949,1488
950,1489
951,1490
952,1491
953,1491
954,1492
955,1493
956,1493
957,1494
958,1495
959,1495
960,1496
961,1497
962,1497
963,1498
964,1499
965,1499
966,1500
967,1501
968,1502
969,1503
970,1504
971,1504
972,1505
973,1506
974,1508
975,1509
976,1510
977,1510
978,1511
979,1512
980,1513
981,1514
982,1515
983,1516
984,1517
985,1518
986,1520
987,1521
988,1523
989,1523
990,1525
991,1526
992,1528
993,1530
994,1531
995,1532
996,1534
997,1536
998,1538
999,1539
1000,1541
1001,1542
1002,1544
1003,1545
1004,1547
1005,1549
1006,1550
1007,1551
1008,1553
1009,1554
1010,1556
1011,1558
1012,1559
1013,1560
1014,1561
1015,1563
1016,1564
1017,1566
1018,1567
1019,1567
1020,1569
1021,1570
1022,1571
1023,1572
1024,1573
1025,1574
1026,1575
1027,1576
1028,1577
1029,1578
1030,1578
1031,1579
1032,1580
1033,1580
1034,1581
1035,1582
1036,1583
1037,1584
1038,1585
1039,1586
1040,1587
1041,1587
1042,1588
1043,1589
1044,1590
1045,1591
1046,1592
1047,1593
1048,1594
1049,1594
1050,1596
1051,1597
1052,1598
1053,1599
1054,1601
1055,1601
1056,1603
1057,1604
1058,1606
1059,1607
1060,1609
1061,1610
1062,1612
1063,1614
1064,1615
1065,1617
1066,1619
1067,1620
1068,1621
1069,1623
1070,1625
1071,1627
1072,1628
1073,1629
1074,1631
1075,1632
1076,1634
1077,1635
1078,1637
1079,1638
1080,1639
1081,1640
1082,1642
1083,1643
1084,1645
1085,1645
1086,1647
1087,1648
1088,1649
1089,1650
1090,1651
1091,1652
1092,1653
1093,1654
1094,1655
1095,1657
1096,1658
1097,1658
1098,1659
1099,1660
1100,1661
1101,1662
1102,1663
1103,1663
1104,1664
1105,1665
1106,1666
1107,1667
1108,1667
1109,1668
1110,1668
1111,1669
1112,1670
1113,1670
1114,1671
1115,1671
1116,1672
1117,1672
1118,1673
1119,1674
1120,1675
1121,1675
1122,1676
1123,1677
1124,1678
1125,1678
1126,1679
1127,1679
1128,1680
1129,1681
1130,1682
1131,1683
1132,1684
1133,1684
1134,1685
1135,1686
1136,1687
1137,1688
1138,1689
1139,1690
1140,1691
1141,1692
1142,1694
1143,1695
1144,1697
1145,1697
1146,1699
1147,1700
1148,1702
1149,1703
1150,1705
1151,1706
1152,1707
1153,1709
1154,1710
1155,1712
1156,1713
1157,1714
1158,1715
1159,1716
1160,1718
1161,1719
1162,1720
1163,1720
1164,1722
1165,1723
1166,1724
1167,1725
1168,1726
1169,1726
1170,1727
1171,1728
1172,1729
1173,1730
1174,1731
1175,1731
1176,1732
1177,1733
1178,1733
1179,1734
1180,1735
1181,1735
1182,1736
1183,1737
1184,1738
1185,1739
1186,1739
1187,1740
1188,1741
1189,1742
1190,1743
1191,1744
1192,1745
1193,1745
1194,1746
1195,1747
1196,1748
1197,1749
1198,1750
1199,1751
1200,1752
1201,1753
1202,1753
1203,1754
1204,1755
1205,1755
1206,1756
1207,1757
1208,1758
1209,1759
1210,1759
1211,1760
1212,1760
1213,1761
1214,1762
1215,1763
1216,1763
1217,1764
1218,1764
1219,1765
1220,1766
1221,1767
1222,1767
1223,1768
1224,1768
1225,1769
1226,1770
1227,1771
1228,1772
1229,1772
1230,1773
1231,1774
1232,1775
1233,1776
1234,1778
1235,1778
1236,1780
1237,1781
1238,1783
1239,1785
1240,1786
1241,1787
1242,1789
1243,1791
1244,1792
1245,1794
1246,1796
1247,1797
1248,1799
1249,1801
1250,1803
1251,1804
1252,1806
1253,1807
1254,1809
1255,1811
1256,1813
1257,1815
1258,1817
1259,1818
1260,1820
1261,1822
1262,1824
1263,1825
1264,1827
1265,1828
1266,1830
1267,1832
1268,1834
1269,1836
1270,1838
1271,1839
1272,1841
1273,1843
1274,1845
1275,1847
1276,1849
1277,1850
1278,1852
1279,1854
1280,1856
1281,1858
1282,1860
1283,1861
1284,1863
1285,1864
1286,1866
1287,1868
1288,1870
1289,1871
1290,1873
1291,1875
1292,1878
1293,1880
1294,1882
1295,1883
1296,1886
1297,1888
1298,1891
1299,1893
1300,1895
1301,1896
1302,1899
1303,1901
1304,1904
1305,1906
1306,1908
1307,1909
1308,1911
1309,1914
1310,1916
1311,1918
1312,1921
1313,1922
1314,1924
1315,1927
1316,1929
1317,1931
1318,1934
1319,1935
1320,1937
1321,1939
1322,1941
1323,1943
1324,1945
1325,1946
1326,1948
1327,1950
1328,1952
1329,1954
1330,1956
1331,1957
1332,1959
1333,1961
1334,1963
1335,1965
1336,1967
1337,1968
1338,1970
1339,1973
1340,1975
1341,1977
1342,1979
1343,1980
1344,1983
1345,1985
1346,1987
1347,1990
1348,1992
1349,1993
1350,1995
1351,1997
1352,2000
1353,2002
1354,2004
1355,2005
1356,2007
1357,2010
1358,2012
1359,2014
1360,2017
1361,2018
1362,2020
1363,2022
1364,2024
1365,2026
1366,2028
1367,2029
1368,2031
1369,2033
1370,2035
1371,2036
1372,2038
1373,2039
1374,2040
1375,2042
1376,2043
1377,2044
1378,2046
1379,2046
1380,2048
1381,2049
1382,2051
1383,2052
1384,2054
1385,2055
1386,2056
1387,2058
1388,2060
1389,2061
1390,2063
1391,2064
1392,2065
1393,2067
1394,2069
1395,2070
1396,2072
1397,2073
1398,2075
1399,2076
1400,2078
1401,2080
1402,2081
1403,2082
1404,2084
1405,2086
1406,2088
1407,2089
1408,2091
1409,2092
1410,2094
1411,2096
1412,2098
1413,2100
1414,2102
1415,2103
1416,2105
1417,2108
1418,2110
1419,2112
1420,2114
1421,2115
1422,2117
1423,2119
1424,2121
1425,2123
1426,2125
1427,2126
1428,2128
1429,2130
1430,2132
1431,2133
1432,2135
1433,2136
1434,2138
1435,2139
1436,2141
1437,2143
1438,2145
1439,2146
1440,2147
1441,2149
1442,2151
1443,2153
1444,2155
1445,2156
1446,2158
1447,2160
1448,2162
1449,2164
1450,2166
1451,2167
1452,2169
1453,2171
1454,2173
1455,2174
1456,2176
1457,2177
1458,2179
1459,2181
1460,2183
1461,2185
1462,2188
1463,2189
1464,2191
1465,2193
1466,2195
1467,2198
1468,2200
1469,2201
1470,2203
1471,2205
1472,2207
1473,2209
1474,2211
1475,2212
1476,2214
1477,2216
1478,2218
1479,2220
1480,2222
1481,2222
1482,2224
1483,2226
1484,2228
1485,2229
1486,2231
1487,2232
1488,2233
1489,2235
1490,2237
1491,2238
1492,2240
1493,2241
1494,2243
1495,2244
1496,2246
1497,2248
1498,2250
1499,2250
1500,2252
1501,2254
1502,2256
1503,2258
1504,2260
1505,2260
1506,2262
1507,2264
1508,2266
1509,2268
1510,2270
1511,2271
1512,2273
1513,2275
1514,2278
1515,2280
1516,2282
1517,2283
1518,2285
1519,2288
1520,2290
1521,2292
1522,2294
1523,2295
1524,2298
1525,2300
1526,2302
1527,2304
1528,2306
1529,2307
1530,2310
1531,2312
1532,2314
1533,2316
1534,2318
1535,2319
1536,2321
1537,2323
1538,2325
1539,2327
1540,2329
1541,2330
1542,2332
1543,2334
1544,2336
1545,2338
1546,2340
1547,2341
1548,2343
1549,2345
1550,2347
1551,2349
1552,2352
1553,2353
1554,2355
1555,2357
1556,2359
1557,2361
1558,2364
1559,2365
1560,2367
1561,2369
1562,2371
1563,2373
1564,2375
1565,2376
1566,2379
1567,2381
1568,2382
1569,2384
1570,2386
1571,2387
1572,2389
1573,2390
1574,2392
1575,2394
1576,2395
1577,2396
1578,2397
1579,2399
1580,2400
1581,2401
1582,2403
1583,2404
1584,2405
1585,2406
1586,2408
1587,2409
1588,2410
1589,2411
1590,2412
1591,2413
1592,2414
1593,2415
1594,2416
1595,2416
1596,2417
1597,2418
1598,2419
1599,2420
1600,2421
1601,2421
1602,2422
1603,2423
1604,2423
1605,2424
1606,2425
1607,2425
1608,2426
1609,2427
1610,2428
1611,2428
1612,2429
1613,2430
1614,2430
1615,2431
1616,2432
1617,2433
1618,2433
1619,2434
1620,2435
1621,2435
1622,2436
1623,2437
1624,2438
1625,2438
1626,2439
1627,2440
1628,2441
1629,2442
1630,2443
1631,2444
1632,2445
1633,2446
1634,2447
1635,2448
1636,2450
1637,2450
1638,2451
1639,2453
1640,2454
1641,2455
1642,2457
1643,2458
1644,2459
1645,2460
1646,2462
1647,2463
1648,2465
1649,2466
1650,2467
1651,2469
1652,2470
1653,2472
1654,2473
1655,2474
1656,2475
1657,2477
1658,2478
1659,2480
1660,2481
1661,2482
1662,2483
1663,2485
1664,2487
1665,2488
1666,2490
1667,2491
1668,2492
1669,2494
1670,2496
1671,2497
1672,2499
1673,2500
1674,2501
1675,2503
1676,2505
1677,2506
1678,2508
1679,2508
1680,2510
1681,2511
1682,2512
1683,2514
1684,2515
1685,2516
1686,2517
1687,2519
1688,2520
1689,2521
1690,2523
1691,2523
1692,2524
1693,2526
1694,2527
1695,2528
1696,2530
1697,2530
1698,2532
1699,2533
1700,2534
1701,2536
1702,2537
1703,2538
1704,2540
1705,2541
1706,2543
1707,2544
1708,2546
1709,2547
1710,2549
1711,2550
1712,2552
1713,2554
1714,2556
1715,2556
1716,2558
1717,2560
1718,2561
1719,2563
1720,2564
1721,2565
1722,2566
1723,2568
1724,2569
1725,2571
1726,2572
1727,2572
1728,2574
1729,2575
1730,2576
1731,2578
1732,2579
1733,2580
1734,2582
1735,2583
1736,2585
1737,2587
1738,2588
1739,2589
1740,2590
1741,2592
1742,2594
1743,2595
1744,2596
1745,2597
1746,2598
1747,2600
1748,2601
1749,2602
1750,2603
1751,2604
1752,2605
1753,2606
1754,2608
1755,2609
1756,2610
1757,2610
1758,2611
1759,2612
1760,2614
1761,2615
1762,2616
1763,2616
1764,2617
1765,2619
1766,2620
1767,2621
1768,2623
1769,2624
1770,2625
1771,2627
1772,2629
1773,2630
1774,2632
1775,2633
1776,2635
1777,2637
1778,2639
1779,2641
1780,2643
1781,2644
1782,2646
1783,2647
1784,2649
1785,2651
1786,2653
1787,2654
1788,2656
1789,2658
1790,2660
1791,2662
1792,2664
1793,2665
1794,2667
1795,2669
1796,2671
1797,2672
1798,2675
1799,2675
