0,0
1,0
2,0
3,1
4,1
5,1
6,1
7,1
8,2
9,2
10,2
11,3
12,3
13,3
14,4
15,4
16,5
17,5
18,6
19,6
20,7
21,7
22,8
23,9
24,10
25,10
26,11
27,12
28,13
29,14
30,15
31,15
32,16
33,17
34,18
35,20
36,21
37,21
38,22
39,24
40,25
41,26
42,27
43,28
44,29
45,31
46,32
47,33
48,35
49,35
50,36
51,38
52,39
53,40
54,41
55,42
56,43
57,44
58,45
59,46
60,48
61,48
62,49
63,50
64,51
65,52
66,54
67,54
68,55
69,56
70,57
71,58
72,59
73,59
74,60
75,61
76,62
77,63
78,63
79,64
80,64
81,65
82,66
83,66
84,67
85,67
86,68
87,69
88,69
89,70
90,70
91,71
92,71
93,71
94,72
95,72
96,73
97,73
98,73
99,74
100,74
101,75
102,75
103,75
104,76
105,76
106,76
107,77
108,77
109,77
110,78
111,78
112,79
113,79
114,80
115,80
116,80
117,81
118,81
119,81
120,82
121,82
122,82
123,83
124,83
125,84
126,84
127,85
128,85
129,86
130,86
131,87
132,87
133,88
134,88
135,89
136,89
137,90
138,90
139,90
140,91
141,92
142,92
143,93
144,94
145,94
146,95
147,95
148,96
149,97
150,98
151,98
152,99
153,100
154,100
155,101
156,102
157,103
158,104
159,105
160,106
161,107
162,108
163,109
164,110
165,111
166,112
167,113
168,115
169,115
170,116
171,117
172,119
173,120
174,121
175,121
176,122
177,123
178,124
179,125
180,126
181,127
182,128
183,129
184,130
185,130
186,131
187,132
188,132
189,133
190,134
191,135
192,135
193,136
194,136
195,137
196,138
197,139
198,139
199,139
200,140
201,141
202,142
203,142
204,143
205,143
206,144
207,145
208,145
209,146
210,147
211,147
212,148
213,148
214,149
215,149
216,150
217,150
218,151
219,151
220,152
221,152
222,153
223,153
224,153
225,154
226,154
227,154
228,155
229,155
230,155
231,155
232,156
233,156
234,156
235,156
236,157
237,157
238,157
239,157
240,158
241,158
242,158
243,158
244,158
245,159
246,159
247,159
248,159
249,159
250,159
251,160
252,160
253,160
254,160
255,160
256,160
257,161
258,161
259,161
260,161
261,161
262,161
263,161
264,161
265,161
266,161
267,162
268,162
269,162
270,162
271,162
272,162
273,162
274,162
275,162
276,162
277,162
278,162
279,162
280,162
281,162
282,162
283,162
284,162
285,162
286,162
287,162
288,162
289,162
290,162
291,162
292,162
293,162
294,162
295,162
296,162
297,162
298,162
299,162
300,162
301,162
302,162
303,162
304,162
305,162
306,162
307,162
308,162
309,162
310,162
311,162
312,162
313,162
314,162
315,162
316,163
317,163
318,163
319,163
320,163
321,163
322,163
323,163
324,163
325,163
326,163
327,163
328,163
329,163
330,163
331,163
332,163
333,163
334,163
335,163
336,163
337,163
338,163
339,163
340,163
341,164
342,164
343,164
344,164
345,164
346,164
347,164
348,164
349,164
350,164
351,164
352,164
353,164
354,164
355,164
356,164
357,164
358,165
359,165
360,165
361,165
362,165
363,165
364,165
365,165
366,165
367,165
368,165
369,165
370,166
371,166
372,166
373,166
374,166
375,166
376,166
377,166
378,166
379,166
380,166
381,166
382,167
383,167
384,167
385,167
386,167
387,167
388,167
389,167
390,167
391,167
392,167
393,167
394,167
395,167
396,168
397,168
398,168
399,168
400,168
401,168
402,168
403,168
404,168
405,168
406,168
407,168
408,168
409,168
410,169
411,169
412,169
413,169
414,169
415,169
416,169
417,169
418,169
419,169
420,169
421,169
422,169
423,170
424,170
425,170
426,170
427,170
428,170
429,170
430,170
431,170
432,170
433,170
434,170
435,170
436,170
437,170
438,170
439,170
440,170
441,170
442,170
443,170
444,170
445,170
446,170
447,170
448,170
449,170
450,170
451,170
452,170
453,170
454,171
455,171
456,171
457,171
458,171
459,171
460,171
461,171
462,171
463,171
464,171
465,171
466,171
467,171
468,171
469,171
470,171
471,171
472,171
473,171
474,172
475,172
476,172
477,172
478,172
479,172
480,172
481,172
482,172
483,172
484,172
485,172
486,172
487,172
488,172
489,172
490,172
491,172
492,172
493,172
494,172
495,172
496,173
497,173
498,173
499,173
500,173
501,173
502,173
503,173
504,173
505,173
506,173
507,174
508,174
509,174
510,174
511,174
512,174
513,174
514,174
515,174
516,174
517,174
518,174
519,174
520,175
521,175
522,175
523,175
524,175
525,175
526,175
527,175
528,175
529,175
530,175
531,175
532,175
533,176
534,176
535,176
536,176
537,176
538,176
539,176
540,176
541,176
542,176
543,176
544,176
545,176
546,176
547,176
548,176
549,176
550,177
551,177
552,177
553,177
554,177
555,177
556,177
557,177
558,177
559,177
560,177
561,177
562,177
563,177
564,177
565,177
566,177
567,177
568,177
569,177
570,177
571,177
572,177
573,177
574,178
575,178
576,178
577,178
578,178
579,178
580,178
581,178
582,178
583,178
584,178
585,178
586,178
587,178
588,179
589,179
590,179
591,179
592,179
593,179
594,179
595,179
596,179
597,179
598,180
599,180
600,180
601,180
602,180
603,181
604,181
605,181
606,182
607,182
608,182
609,182
610,183
611,183
612,184
613,184
614,185
615,185
616,186
617,187
618,187
619,188
620,189
621,190
622,190
623,191
624,193
625,193
626,194
627,195
628,196
629,197
630,198
631,199
632,200
633,201
634,203
635,204
636,205
637,206
638,207
639,208
640,210
641,211
642,212
643,212
644,214
645,215
646,216
647,217
648,217
649,218
650,219
651,219
652,220
653,221
654,222
655,222
656,223
657,224
658,224
659,225
660,226
661,226
662,227
663,228
664,229
665,229
666,230
667,231
668,231
669,232
670,233
671,234
672,235
673,235
674,236
675,237
676,238
677,239
678,239
679,240
680,241
681,242
682,243
683,244
684,245
685,245
686,246
687,247
688,249
689,249
690,250
691,251
692,252
693,252
694,253
695,254
696,255
697,255
698,256
699,257
700,257
701,258
702,259
703,259
704,260
705,260
706,261
707,262
708,262
709,263
710,263
711,264
712,265
713,266
714,266
715,267
716,268
717,269
718,270
719,271
720,272
721,272
722,273
723,275
724,276
725,277
726,279
727,279
728,281
729,282
730,284
731,286
732,287
733,288
734,290
735,291
736,293
737,295
738,297
739,297
740,299
741,301
742,302
743,304
744,306
745,306
746,308
747,310
748,311
749,312
750,314
751,314
752,316
753,317
754,318
755,320
756,321
757,322
758,323
759,324
760,326
761,327
762,328
763,329
764,330
765,331
766,333
767,334
768,335
769,336
770,337
771,339
772,340
773,341
774,342
775,343
776,344
777,345
778,346
779,347
780,348
781,348
782,349
783,350
784,351
785,352
786,353
787,353
788,354
789,355
790,355
791,356
792,357
793,357
794,358
795,359
796,360
797,361
798,362
799,362
800,363
801,364
802,365
803,366
804,367
805,368
806,369
807,370
808,372
809,373
810,374
811,375
812,376
813,377
814,379
815,380
816,382
817,382
818,384
819,385
820,387
821,388
822,390
823,390
824,392
825,393
826,395
827,396
828,397
829,398
830,399
831,401
832,402
833,403
834,405
835,405
836,407
837,408
838,410
839,411
840,413
841,414
842,415
843,417
844,418
845,420
846,421
847,422
848,424
849,425
850,427
851,429
852,430
853,431
854,432
855,434
856,436
857,437
858,439
859,439
860,441
861,442
862,443
863,444
864,446
865,446
866,447
867,449
868,450
869,451
870,452
871,453
872,454
873,455
874,456
875,458
876,459
877,459
878,461
879,462
880,463
881,465
882,466
883,467
884,468
885,469
886,471
887,472
888,473
889,474
890,475
891,477
892,478
893,479
894,480
895,481
896,482
897,484
898,485
899,486
900,487
901,488
902,489
903,491
904,492
905,493
906,494
907,495
908,496
909,498
910,499
911,500
912,501
913,502
914,503
915,504
916,506
917,507
918,508
919,509
920,510
921,511
922,513
923,514
924,515
925,516
926,517
927,518
928,519
929,520
930,522
931,522
932,523
933,524
934,525
935,526
936,527
937,527
938,528
939,529
940,529
941,530
942,531
943,531
944,531
945,532
946,533
947,533
948,533
949,534
950,534
951,534
952,535
953,535
954,535
955,536
956,536
957,536
958,537
959,537
960,537
961,537
962,537
963,538
964,538
965,538
966,538
967,538
968,539
969,539
970,539
971,539
972,540
973,540
974,540
975,540
976,541
977,541
978,542
979,542
980,542
981,543
982,543
983,544
984,544
985,544
986,545
987,545
988,546
989,547
990,547
991,548
992,548
993,549
994,550
995,550
996,551
997,552
998,553
999,554
1000,555
1001,556
1002,557
1003,557
1004,558
1005,559
1006,560
1007,561
1008,562
1009,563
1010,564
1011,565
1012,566
1013,567
1014,568
1015,569
1016,570
1017,571
1018,572
1019,573
1020,574
1021,575
1022,576
1023,577
1024,578
1025,579
1026,580
1027,581
1028,582
1029,583
1030,584
1031,586
1032,587
1033,587
1034,589
1035,590
1036,591
1037,592
1038,594
1039,594
1040,596
1041,597
1042,599
1043,600
1044,602
1045,603
1046,604
1047,606
1048,607
1049,609
1050,610
1051,611
1052,612
1053,613
1054,614
1055,616
1056,617
1057,617
1058,618
1059,619
1060,620
1061,621
1062,621
1063,622
1064,622
1065,623
1066,624
1067,625
1068,625
1069,625
1070,626
1071,627
1072,627
1073,628
1074,628
1075,629
1076,629
1077,630
1078,630
1079,631
1080,631
1081,631
1082,632
1083,632
1084,633
1085,633
1086,634
1087,634
1088,634
1089,634
1090,635
1091,635
1092,636
1093,636
1094,637
1095,637
1096,638
1097,638
1098,639
1099,639
1100,640
1101,641
1102,641
1103,642
1104,643
1105,643
1106,644
1107,644
1108,645
1109,646
1110,647
1111,647
1112,648
1113,649
1114,650
1115,651
1116,652
1117,652
1118,653
1119,654
1120,655
1121,656
1122,656
1123,657
1124,658
1125,658
1126,659
1127,660
1128,661
1129,661
1130,662
1131,662
1132,663
1133,663
1134,664
1135,664
1136,665
1137,665
1138,666
1139,666
1140,667
1141,667
1142,667
1143,668
1144,668
1145,669
1146,669
1147,670
1148,670
1149,671
1150,671
1151,672
1152,672
1153,673
1154,673
1155,674
1156,675
1157,676
1158,676
1159,677
1160,678
1161,678
1162,679
1163,680
1164,681
1165,682
1166,682
1167,683
1168,684
1169,685
1170,686
1171,687
1172,688
1173,689
1174,690
1175,691
1176,692
1177,693
1178,694
1179,695
1180,696
1181,697
1182,697
1183,698
1184,699
1185,700
1186,701
1187,701
1188,702
1189,703
1190,703
1191,704
1192,705
1193,705
1194,706
1195,706
1196,707
1197,707
1198,708
1199,708
1200,709
1201,709
1202,710
1203,710
1204,711
1205,711
1206,712
1207,712
1208,712
1209,713
1210,713
1211,713
1212,714
1213,714
1214,714
1215,714
1216,715
1217,715
1218,715
1219,715
1220,715
1221,716
1222,716
1223,716
1224,716
1225,716
1226,717
1227,717
1228,717
1229,717
1230,718
1231,718
1232,718
1233,718
1234,719
1235,719
1236,719
1237,719
1238,719
1239,720
1240,720
1241,720
1242,720
1243,720
1244,721
1245,721
1246,721
1247,721
1248,722
1249,722
1250,722
1251,722
1252,722
1253,722
1254,723
1255,723
1256,723
1257,723
1258,723
1259,723
1260,724
1261,724
1262,724
1263,724
1264,724
1265,725
1266,725
1267,725
1268,725
1269,725
1270,726
1271,726
1272,726
1273,726
1274,726
1275,727
1276,727
1277,727
1278,727
1279,727
1280,728
1281,728
1282,728
1283,728
1284,729
1285,729
1286,729
1287,729
1288,729
1289,730
1290,730
1291,730
1292,730
1293,730
1294,731
1295,731
1296,731
1297,731
1298,732
1299,732
1300,732
1301,733
1302,733
1303,733
1304,733
1305,734
1306,734
1307,735
1308,735
1309,735
1310,736
1311,736
1312,736
1313,737
1314,737
1315,737
1316,737
1317,737
1318,738
1319,738
1320,738
1321,738
1322,738
1323,738
1324,738
1325,739
1326,739
1327,739
1328,739
1329,739
1330,739
1331,739
1332,739
1333,739
1334,739
1335,739
1336,739
1337,740
1338,740
1339,740
1340,740
1341,740
1342,740
1343,740
1344,740
1345,740
1346,741
1347,741
1348,741
1349,741
1350,741
1351,741
1352,741
1353,742
1354,742
1355,742
1356,742
1357,742
1358,743
1359,743
1360,743
1361,743
1362,744
1363,744
1364,744
1365,744
1366,745
1367,745
1368,745
1369,746
1370,746
1371,746
1372,747
1373,747
1374,747
1375,747
1376,748
1377,748
1378,748
1379,749
1380,749
1381,749
1382,749
1383,750
1384,750
1385,751
1386,751
1387,751
1388,751
1389,752
1390,752
1391,753
1392,753
1393,753
1394,753
1395,754
1396,754
1397,754
1398,754
1399,754
1400,755
1401,755
1402,755
1403,755
1404,756
1405,756
1406,756
1407,756
1408,756
1409,757
1410,757
1411,757
1412,757
1413,758
1414,758
1415,758
1416,759
1417,759
1418,759
1419,760
1420,760
1421,760
1422,761
1423,761
1424,761
1425,761
1426,762
1427,762
1428,762
1429,762
1430,762
1431,762
1432,763
1433,763
1434,763
1435,763
1436,763
1437,763
1438,763
1439,764
1440,764
1441,764
1442,764
1443,764
1444,764
1445,765
1446,765
1447,765
1448,765
1449,765
1450,766
1451,766
1452,766
1453,766
1454,766
1455,766
1456,767
1457,767
1458,767
1459,767
1460,767
1461,768
1462,768
1463,768
1464,768
1465,768
1466,768
1467,769
1468,769
1469,769
1470,769
1471,769
1472,769
1473,770
1474,770
1475,770
1476,770
1477,770
1478,771
1479,771
1480,771
1481,771
1482,772
1483,772
1484,772
1485,772
1486,773
1487,773
1488,774
1489,774
1490,774
1491,774
1492,775
1493,775
1494,776
1495,776
1496,776
1497,777
1498,777
1499,778
1500,778
1501,779
1502,779
1503,780
1504,780
1505,781
1506,781
1507,781
1508,782
1509,782
1510,782
1511,783
1512,783
1513,783
1514,784
1515,784
1516,785
1517,785
1518,786
1519,786
1520,787
1521,787
1522,787
1523,788
1524,788
1525,789
1526,789
1527,790
1528,790
1529,790
1530,791
1531,791
1532,791
1533,792
1534,792
1535,792
1536,792
1537,792
1538,793
1539,793
1540,793
1541,793
1542,793
1543,793
1544,793
1545,793
1546,793
1547,794
1548,794
1549,794
1550,794
1551,794
1552,794
1553,794
1554,794
1555,794
1556,794
1557,794
1558,794
1559,794
1560,794
1561,794
1562,794
1563,794
1564,794
1565,794
1566,794
1567,794
1568,794
1569,794
1570,794
1571,794
1572,794
1573,794
1574,794
1575,794
1576,794
1577,794
1578,794
1579,794
1580,794
1581,795
1582,795
1583,795
1584,795
1585,795
1586,795
1587,795
1588,795
1589,795
1590,795
1591,795
1592,795
1593,795
1594,795
1595,795
1596,795
1597,795
1598,795
1599,795
1600,795
1601,795
1602,795
1603,795
1604,795
1605,795
1606,795
1607,795
1608,795
1609,795
1610,795
1611,795
1612,795
1613,795
1614,795
1615,795
1616,795
1617,795
1618,795
1619,795
1620,795
1621,795
1622,795
1623,795
1624,795
1625,795
1626,795
1627,795
1628,795
1629,795
1630,795
1631,795
1632,795
1633,795
1634,795
1635,795
1636,795
1637,795
1638,795
1639,795
1640,795
1641,795
1642,795
1643,796
1644,796
1645,796
1646,796
1647,796
1648,796
1649,796
1650,796
1651,796
1652,796
1653,796
1654,796
1655,796
1656,796
1657,796
1658,796
1659,796
1660,796
1661,796
1662,796
1663,796
1664,796
1665,796
1666,796
1667,796
1668,796
1669,796
1670,796
1671,796
1672,796
1673,796
1674,796
1675,796
1676,796
1677,796
1678,796
1679,796
1680,796
1681,796
1682,796
1683,796
1684,796
1685,796
1686,796
1687,796
1688,796
1689,796
1690,796
1691,796
1692,796
1693,796
1694,796
1695,796
1696,796
1697,796
1698,796
1699,796
1700,796
1701,796
1702,796
1703,796
1704,797
1705,797
1706,797
1707,797
1708,797
1709,797
1710,797
1711,797
1712,797
1713,797
1714,797
1715,797
1716,797
1717,797
1718,797
1719,797
1720,797
1721,797
1722,797
1723,797
1724,797
1725,797
1726,797
1727,797
1728,797
1729,797
1730,797
1731,797
1732,797
1733,797
1734,797
1735,797
1736,797
1737,797
1738,797
1739,797
1740,797
1741,797
1742,797
1743,797
1744,797
1745,797
1746,797
1747,797
1748,797
1749,797
1750,797
1751,797
1752,798
1753,798
1754,798
1755,798
1756,798
1757,798
1758,798
1759,798
1760,798
1761,798
1762,798
1763,798
1764,798
1765,798
1766,798
1767,798
1768,798
1769,798
1770,798
1771,798
1772,798
1773,798
1774,798
1775,798
1776,798
1777,798
1778,798
1779,798
1780,798
1781,798
1782,798
1783,798
1784,798
1785,798
1786,798
1787,798
1788,798
1789,798
1790,798
1791,798
1792,798
1793,798
1794,798
1795,798
1796,798
1797,798
1798,798
1799,798
