0,0
1,0
2,0
3,1
4,2
5,2
6,4
7,4
8,6
9,7
10,9
11,11
12,13
13,14
14,17
15,19
16,22
17,25
18,27
19,29
20,32
21,35
22,38
23,41
24,44
25,45
26,48
27,51
28,54
29,57
30,60
31,62
32,65
33,68
34,71
35,74
36,77
37,79
38,82
39,85
40,89
41,92
42,96
43,98
44,102
45,106
46,109
47,113
48,117
49,119
50,123
51,127
52,131
53,135
54,139
55,141
56,145
57,149
58,153
59,157
60,161
61,163
62,168
63,172
64,177
65,181
66,186
67,188
68,192
69,197
70,201
71,206
72,210
73,213
74,217
75,222
76,226
77,231
78,235
79,237
80,242
81,246
82,251
83,255
84,259
85,262
86,266
87,271
88,275
89,280
90,284
91,287
92,291
93,296
94,300
95,305
96,310
97,312
98,317
99,322
100,326
101,331
102,335
103,338
104,342
105,347
106,351
107,356
108,360
109,362
110,367
111,371
112,376
113,380
114,385
115,387
116,391
117,396
118,401
119,405
120,410
121,412
122,416
123,420
124,425
125,429
126,433
127,435
128,439
129,443
130,447
131,452
132,456
133,458
134,462
135,466
136,471
137,475
138,479
139,481
140,486
141,490
142,495
143,499
144,503
145,505
146,510
147,514
148,518
149,522
150,526
151,528
152,533
153,537
154,541
155,545
156,549
157,551
158,555
159,559
160,563
161,567
162,571
163,573
164,578
165,582
166,586
167,590
168,594
169,596
170,600
171,604
172,608
173,612
174,616
175,618
176,621
177,625
178,629
179,633
180,637
181,638
182,642
183,646
184,650
185,653
186,657
187,659
188,663
189,666
190,670
191,674
192,678
193,680
194,683
195,687
196,691
197,695
198,698
199,700
200,703
201,707
202,711
203,714
204,717
205,719
206,722
207,726
208,729
209,732
210,736
211,737
212,740
213,744
214,747
215,751
216,754
217,756
218,759
219,763
220,766
221,770
222,773
223,775
224,778
225,781
226,785
227,788
228,791
229,793
230,796
231,799
232,802
233,805
234,808
235,809
236,812
237,815
238,817
239,820
240,823
241,824
242,826
243,829
244,831
245,834
246,836
247,837
248,840
249,842
250,845
251,847
252,850
253,851
254,854
255,856
256,859
257,862
258,864
259,865
260,868
261,871
262,873
263,876
264,879
265,880
266,883
267,886
268,889
269,891
270,894
271,896
272,898
273,901
274,904
275,907
276,909
277,911
278,913
279,916
280,919
281,922
282,925
283,926
284,930
285,933
286,936
287,939
288,943
289,944
290,948
291,951
292,954
293,958
294,961
295,962
296,966
297,969
298,972
299,976
300,979
301,981
302,984
303,988
304,991
305,994
306,998
307,999
308,1002
309,1006
310,1009
311,1013
312,1016
313,1018
314,1022
315,1025
316,1029
317,1033
318,1037
319,1038
320,1042
321,1046
322,1050
323,1054
324,1057
325,1059
326,1063
327,1067
328,1071
329,1075
330,1079
331,1081
332,1085
333,1088
334,1092
335,1096
336,1099
337,1101
338,1105
339,1109
340,1113
341,1116
342,1120
343,1122
344,1126
345,1130
346,1134
347,1138
348,1141
349,1143
350,1147
351,1151
352,1155
353,1159
354,1163
355,1165
356,1169
357,1173
358,1176
359,1180
360,1184
361,1186
362,1190
363,1193
364,1197
365,1201
366,1205
367,1207
368,1211
369,1216
370,1220
371,1224
372,1228
373,1230
374,1234
375,1239
376,1243
377,1247
378,1251
379,1253
380,1258
381,1262
382,1266
383,1270
384,1274
385,1276
386,1280
387,1284
388,1288
389,1292
390,1296
391,1298
392,1303
393,1307
394,1311
395,1315
396,1319
397,1321
398,1326
399,1330
400,1334
401,1339
402,1343
403,1345
404,1349
405,1354
406,1358
407,1362
408,1367
409,1369
410,1373
411,1377
412,1381
413,1385
414,1390
415,1392
416,1396
417,1400
418,1404
419,1408
420,1413
421,1415
422,1419
423,1423
424,1427
425,1432
426,1436
427,1438
428,1442
429,1446
430,1449
431,1453
432,1457
433,1459
434,1462
435,1466
436,1469
437,1473
438,1476
439,1478
440,1481
441,1484
442,1488
443,1491
444,1494
445,1496
446,1499
447,1502
448,1506
449,1509
450,1513
451,1514
452,1518
453,1521
454,1525
455,1529
456,1532
457,1534
458,1538
459,1542
460,1545
461,1549
462,1552
463,1554
464,1558
465,1561
466,1565
467,1568
468,1571
469,1573
470,1576
471,1579
472,1583
473,1586
474,1589
475,1591
476,1594
477,1598
478,1602
479,1605
480,1609
481,1611
482,1614
483,1618
484,1622
485,1625
486,1629
487,1630
488,1634
489,1638
490,1641
491,1644
492,1648
493,1649
494,1653
495,1656
496,1659
497,1662
498,1665
499,1667
500,1670
501,1673
502,1676
503,1680
504,1683
505,1684
506,1688
507,1691
508,1695
509,1698
510,1701
511,1703
512,1706
513,1709
514,1712
515,1715
516,1718
517,1720
518,1723
519,1726
520,1729
521,1732
522,1735
523,1737
524,1740
525,1743
526,1746
527,1749
528,1752
529,1753
530,1756
531,1759
532,1762
533,1765
534,1768
535,1770
536,1773
537,1777
538,1780
539,1783
540,1787
541,1789
542,1792
543,1796
544,1800
545,1803
546,1807
547,1809
548,1812
549,1816
550,1820
551,1824
552,1828
553,1829
554,1833
555,1837
556,1841
557,1844
558,1848
559,1850
560,1854
561,1858
562,1862
563,1866
564,1870
565,1872
566,1876
567,1880
568,1884
569,1888
570,1892
571,1894
572,1898
573,1903
574,1907
575,1911
576,1915
577,1917
578,1921
579,1925
580,1930
581,1934
582,1938
583,1939
584,1943
585,1947
586,1951
587,1956
588,1960
589,1962
590,1966
591,1970
592,1974
593,1978
594,1982
595,1984
596,1988
597,1992
598,1997
599,2001
600,2005
601,2007
602,2011
603,2015
604,2019
605,2023
606,2027
607,2028
608,2032
609,2036
610,2040
611,2043
612,2047
613,2049
614,2052
615,2056
616,2060
617,2063
618,2067
619,2069
620,2072
621,2076
622,2080
623,2084
624,2087
625,2089
626,2093
627,2097
628,2101
629,2105
630,2109
631,2110
632,2114
633,2118
634,2122
635,2126
636,2129
637,2131
638,2135
639,2139
640,2142
641,2146
642,2150
643,2152
644,2156
645,2159
646,2163
647,2167
648,2171
649,2173
650,2177
651,2181
652,2185
653,2189
654,2193
655,2195
656,2199
657,2203
658,2207
659,2210
660,2214
661,2216
662,2220
663,2223
664,2227
665,2231
666,2234
667,2236
668,2240
669,2243
670,2247
671,2251
672,2255
673,2257
674,2260
675,2264
676,2268
677,2272
678,2276
679,2278
680,2282
681,2286
682,2290
683,2294
684,2298
685,2300
686,2304
687,2308
688,2313
689,2316
690,2320
691,2322
692,2326
693,2331
694,2335
695,2339
696,2343
697,2345
698,2349
699,2353
700,2357
701,2362
702,2366
703,2368
704,2372
705,2376
706,2380
707,2384
708,2387
709,2389
710,2393
711,2397
712,2400
713,2404
714,2407
715,2409
716,2412
717,2416
718,2419
719,2422
720,2425
721,2427
722,2430
723,2433
724,2437
725,2440
726,2443
727,2445
728,2448
729,2452
730,2455
731,2458
732,2462
733,2463
734,2467
735,2470
736,2474
737,2477
738,2481
739,2482
740,2486
741,2489
742,2493
743,2496
744,2500
745,2502
746,2505
747,2509
748,2512
749,2515
750,2519
751,2521
752,2524
753,2528
754,2531
755,2535
756,2538
757,2540
758,2544
759,2548
760,2551
761,2555
762,2558
763,2560
764,2563
765,2567
766,2571
767,2574
768,2578
769,2580
770,2583
771,2587
772,2590
773,2594
774,2597
775,2599
776,2602
777,2606
778,2609
779,2613
780,2617
781,2618
782,2622
783,2626
784,2630
785,2634
786,2638
787,2639
788,2643
789,2647
790,2651
791,2655
792,2659
793,2661
794,2665
795,2669
796,2673
797,2676
798,2680
799,2682
800,2686
801,2689
802,2693
803,2696
804,2700
805,2702
806,2705
807,2708
808,2712
809,2715
810,2719
811,2721
812,2724
813,2728
814,2732
815,2735
816,2739
817,2740
818,2744
819,2748
820,2751
821,2755
822,2759
823,2760
824,2764
825,2767
826,2771
827,2774
828,2778
829,2779
830,2783
831,2786
832,2789
833,2792
834,2796
835,2797
836,2800
837,2804
838,2807
839,2810
840,2814
841,2815
842,2818
843,2822
844,2825
845,2828
846,2831
847,2833
848,2836
849,2839
850,2842
851,2845
852,2848
853,2850
854,2853
855,2856
856,2859
857,2862
858,2865
859,2867
860,2870
861,2873
862,2876
863,2879
864,2882
865,2883
866,2886
867,2890
868,2893
869,2896
870,2899
871,2900
872,2903
873,2906
874,2910
875,2913
876,2916
877,2917
878,2920
879,2923
880,2926
881,2929
882,2932
883,2934
884,2937
885,2940
886,2944
887,2947
888,2950
889,2952
890,2955
891,2958
892,2961
893,2965
894,2968
895,2969
896,2972
897,2976
898,2979
899,2982
900,2986
901,2987
902,2991
903,2994
904,2998
905,3001
906,3004
907,3006
908,3010
909,3013
910,3017
911,3021
912,3024
913,3026
914,3030
915,3034
916,3037
917,3041
918,3045
919,3046
920,3050
921,3054
922,3057
923,3061
924,3065
925,3066
926,3070
927,3074
928,3077
929,3081
930,3084
931,3086
932,3090
933,3094
934,3097
935,3101
936,3105
937,3106
938,3110
939,3114
940,3118
941,3122
942,3126
943,3128
944,3132
945,3136
946,3141
947,3145
948,3149
949,3151
950,3155
951,3159
952,3163
953,3167
954,3171
955,3173
956,3176
957,3180
958,3184
959,3188
960,3192
961,3194
962,3198
963,3202
964,3207
965,3211
966,3215
967,3217
968,3221
969,3225
970,3230
971,3234
972,3238
973,3240
974,3244
975,3248
976,3252
977,3256
978,3260
979,3261
980,3265
981,3269
982,3273
983,3277
984,3280
985,3282
986,3286
987,3290
988,3294
989,3298
990,3302
991,3304
992,3307
993,3311
994,3315
995,3318
996,3322
997,3323
998,3327
999,3331
1000,3334
1001,3338
1002,3341
1003,3342
1004,3346
1005,3349
1006,3352
1007,3355
1008,3358
1009,3360
1010,3363
1011,3366
1012,3369
1013,3373
1014,3376
1015,3378
1016,3381
1017,3385
1018,3388
1019,3392
1020,3396
1021,3398
1022,3402
1023,3405
1024,3409
1025,3413
1026,3417
1027,3419
1028,3423
1029,3427
1030,3431
1031,3435
1032,3439
1033,3440
1034,3444
1035,3448
1036,3452
1037,3455
1038,3459
1039,3461
1040,3465
1041,3468
1042,3472
1043,3476
1044,3480
1045,3482
1046,3486
1047,3489
1048,3493
1049,3497
1050,3501
1051,3503
1052,3506
1053,3510
1054,3514
1055,3518
1056,3522
1057,3524
1058,3528
1059,3532
1060,3536
1061,3539
1062,3543
1063,3545
1064,3548
1065,3552
1066,3556
1067,3560
1068,3564
1069,3566
1070,3569
1071,3573
1072,3577
1073,3581
1074,3585
1075,3587
1076,3591
1077,3595
1078,3599
1079,3603
1080,3607
1081,3609
1082,3613
1083,3617
1084,3621
1085,3625
1086,3628
1087,3630
1088,3634
1089,3638
1090,3642
1091,3645
1092,3649
1093,3651
1094,3654
1095,3658
1096,3662
1097,3666
1098,3669
1099,3671
1100,3675
1101,3679
1102,3682
1103,3686
1104,3690
1105,3692
1106,3696
1107,3700
1108,3704
1109,3707
1110,3711
1111,3713
1112,3717
1113,3720
1114,3724
1115,3727
1116,3731
1117,3733
1118,3736
1119,3740
1120,3744
1121,3748
1122,3751
1123,3753
1124,3757
1125,3761
1126,3764
1127,3768
1128,3772
1129,3774
1130,3777
1131,3781
1132,3785
1133,3789
1134,3793
1135,3795
1136,3798
1137,3802
1138,3806
1139,3809
1140,3813
1141,3815
1142,3818
1143,3822
1144,3825
1145,3829
1146,3832
1147,3834
1148,3837
1149,3841
1150,3845
1151,3848
1152,3852
1153,3854
1154,3857
1155,3861
1156,3865
1157,3869
1158,3873
1159,3875
1160,3879
1161,3883
1162,3887
1163,3891
1164,3895
1165,3896
1166,3900
1167,3904
1168,3908
1169,3912
1170,3916
1171,3918
1172,3921
1173,3925
1174,3929
1175,3933
1176,3937
1177,3939
1178,3942
1179,3946
1180,3950
1181,3954
1182,3958
1183,3960
1184,3964
1185,3968
1186,3972
1187,3976
1188,3979
1189,3981
1190,3985
1191,3989
1192,3992
1193,3996
1194,4000
1195,4001
1196,4005
1197,4008
1198,4012
1199,4015
1200,4019
1201,4020
1202,4023
1203,4027
1204,4030
1205,4034
1206,4037
1207,4039
1208,4042
1209,4045
1210,4049
1211,4052
1212,4056
1213,4057
1214,4061
1215,4064
1216,4067
1217,4071
1218,4074
1219,4076
1220,4079
1221,4082
1222,4086
1223,4089
1224,4092
1225,4094
1226,4097
1227,4100
1228,4103
1229,4106
1230,4110
1231,4111
1232,4114
1233,4117
1234,4120
1235,4123
1236,4126
1237,4128
1238,4131
1239,4134
1240,4137
1241,4140
1242,4143
1243,4145
1244,4148
1245,4151
1246,4154
1247,4157
1248,4160
1249,4161
1250,4164
1251,4167
1252,4170
1253,4173
1254,4176
1255,4177
1256,4180
1257,4183
1258,4186
1259,4189
1260,4192
1261,4193
1262,4196
1263,4199
1264,4202
1265,4204
1266,4207
1267,4208
1268,4211
1269,4214
1270,4217
1271,4220
1272,4223
1273,4225
1274,4228
1275,4231
1276,4234
1277,4237
1278,4240
1279,4242
1280,4245
1281,4248
1282,4251
1283,4254
1284,4257
1285,4258
1286,4261
1287,4264
1288,4267
1289,4270
1290,4273
1291,4275
1292,4278
1293,4281
1294,4284
1295,4287
1296,4289
1297,4291
1298,4293
1299,4296
1300,4299
1301,4302
1302,4304
1303,4306
1304,4309
1305,4312
1306,4315
1307,4318
1308,4321
1309,4322
1310,4325
1311,4328
1312,4331
1313,4335
1314,4338
1315,4339
1316,4342
1317,4345
1318,4348
1319,4352
1320,4355
1321,4356
1322,4359
1323,4362
1324,4365
1325,4368
1326,4371
1327,4372
1328,4375
1329,4378
1330,4381
1331,4383
1332,4386
1333,4387
1334,4390
1335,4393
1336,4396
1337,4399
1338,4401
1339,4403
1340,4406
1341,4409
1342,4412
1343,4415
1344,4418
1345,4419
1346,4422
1347,4425
1348,4428
1349,4431
1350,4434
1351,4436
1352,4439
1353,4442
1354,4445
1355,4448
1356,4451
1357,4452
1358,4455
1359,4458
1360,4461
1361,4464
1362,4467
1363,4468
1364,4471
1365,4474
1366,4476
1367,4479
1368,4482
1369,4483
1370,4486
1371,4490
1372,4493
1373,4496
1374,4499
1375,4500
1376,4504
1377,4507
1378,4510
1379,4513
1380,4517
1381,4518
1382,4521
1383,4525
1384,4528
1385,4532
1386,4535
1387,4537
1388,4541
1389,4544
1390,4548
1391,4551
1392,4555
1393,4556
1394,4560
1395,4563
1396,4567
1397,4570
1398,4574
1399,4575
1400,4579
1401,4583
1402,4586
1403,4590
1404,4594
1405,4596
1406,4599
1407,4603
1408,4607
1409,4611
1410,4615
1411,4617
1412,4621
1413,4625
1414,4629
1415,4633
1416,4637
1417,4639
1418,4643
1419,4647
1420,4651
1421,4655
1422,4659
1423,4662
1424,4666
1425,4670
1426,4674
1427,4678
1428,4682
1429,4684
1430,4688
1431,4692
1432,4697
1433,4701
1434,4705
1435,4708
1436,4712
1437,4717
1438,4721
1439,4726
1440,4731
1441,4733
1442,4738
1443,4743
1444,4748
1445,4753
1446,4758
1447,4760
1448,4765
1449,4770
1450,4775
1451,4780
1452,4785
1453,4787
1454,4792
1455,4798
1456,4803
1457,4808
1458,4814
1459,4816
1460,4822
1461,4827
1462,4833
1463,4838
1464,4844
1465,4846
1466,4852
1467,4857
1468,4863
1469,4868
1470,4873
1471,4876
1472,4882
1473,4887
1474,4893
1475,4898
1476,4904
1477,4907
1478,4912
1479,4917
1480,4923
1481,4928
1482,4933
1483,4936
1484,4941
1485,4946
1486,4951
1487,4956
1488,4961
1489,4964
1490,4969
1491,4974
1492,4979
1493,4984
1494,4989
1495,4991
1496,4996
1497,5002
1498,5007
1499,5012
1500,5016
1501,5019
1502,5024
1503,5029
1504,5034
1505,5038
1506,5043
1507,5045
1508,5049
1509,5054
1510,5058
1511,5062
1512,5067
1513,5069
1514,5073
1515,5077
1516,5081
1517,5086
1518,5090
1519,5091
1520,5095
1521,5099
1522,5103
1523,5107
1524,5110
1525,5111
1526,5114
1527,5116
1528,5118
1529,5119
1530,5120
1531,5120
1532,5120
1533,5120
1534,5120
1535,5119
1536,5119
1537,5119
1538,5118
1539,5118
1540,5118
1541,5118
1542,5117
1543,5117
1544,5117
1545,5117

