0,0
1,0
2,0
3,0
4,1
5,1
6,1
7,2
8,3
9,4
10,5
11,5
12,6
13,7
14,8
15,10
16,11
17,11
18,13
19,14
20,15
21,16
22,18
23,18
24,19
25,20
26,21
27,22
28,23
29,24
30,25
31,26
32,26
33,27
34,28
35,28
36,29
37,30
38,30
39,31
40,32
41,32
42,33
43,33
44,34
45,35
46,35
47,35
48,36
49,36
50,37
51,37
52,38
53,38
54,38
55,39
56,39
57,39
58,40
59,40
60,41
61,41
62,42
63,42
64,43
65,43
66,43
67,44
68,45
69,45
70,46
71,46
72,47
73,47
74,48
75,49
76,49
77,50
78,50
79,51
80,52
81,52
82,53
83,53
84,54
85,55
86,55
87,56
88,56
89,56
90,57
91,57
92,58
93,58
94,58
95,59
96,59
97,59
98,59
99,60
100,60
101,60
102,60
103,60
104,60
105,61
106,61
107,61
108,61
109,61
110,61
111,62
112,62
113,62
114,62
115,62
116,62
117,63
118,63
119,63
120,63
121,63
122,64
123,64
124,64
125,64
126,64
127,64
128,65
129,65
130,65
131,65
132,65
133,65
134,65
135,65
136,65
137,65
138,65
139,65
140,65
141,66
142,66
143,66
144,66
145,66
146,66
147,66
148,66
149,66
150,66
151,66
152,66
153,66
154,67
155,67
156,67
157,67
158,67
159,67
160,67
161,67
162,67
163,67
164,67
165,67
166,67
167,67
168,67
169,68
170,68
171,68
172,68
173,68
174,68
175,68
176,68
177,68
178,68
179,68
180,68
181,68
182,68
183,68
184,69
185,69
186,69
187,69
188,69
189,69
190,69
191,69
192,69
193,69
194,69
195,69
196,70
197,70
198,70
199,70
200,70
201,70
202,70
203,70
204,70
205,70
206,70
207,70
208,70
209,70
210,70
211,71
212,71
213,71
214,71
215,71
216,71
217,71
218,71
219,71
220,71
221,71
222,71
223,71
224,71
225,71
226,72
227,72
228,72
229,72
230,72
231,72
232,72
233,72
234,72
235,72
236,72
237,72
238,73
239,73
240,73
241,73
242,73
243,73
244,73
245,73
246,73
247,74
248,74
249,74
250,74
251,74
252,75
253,75
254,75
255,75
256,76
257,76
258,76
259,77
260,77
261,78
262,78
263,78
264,79
265,79
266,80
267,80
268,81
269,81
270,82
271,82
272,83
273,84
274,85
275,85
276,86
277,87
278,88
279,89
280,90
281,90
282,91
283,93
284,94
285,95
286,96
287,96
288,98
289,99
290,100
291,101
292,102
293,103
294,104
295,105
296,106
297,108
298,109
299,109
300,110
301,111
302,112
303,113
304,114
305,115
306,116
307,117
308,118
309,119
310,120
311,120
312,121
313,122
314,123
315,123
316,124
317,125
318,125
319,126
320,127
321,127
322,128
323,128
324,129
325,129
326,130
327,130
328,131
329,131
330,132
331,132
332,133
333,134
334,134
335,135
336,135
337,136
338,137
339,137
340,138
341,138
342,139
343,140
344,141
345,141
346,142
347,143
348,143
349,144
350,145
351,146
352,146
353,147
354,147
355,148
356,149
357,149
358,150
359,150
360,151
361,151
362,152
363,152
364,153
365,153
366,153
367,153
368,154
369,154
370,154
371,154
372,154
373,155
374,155
375,155
376,155
377,155
378,155
379,155
380,156
381,156
382,156
383,156
384,156
385,156
386,157
387,157
388,157
389,157
390,157
391,157
392,158
393,158
394,158
395,158
396,158
397,158
398,159
399,159
400,159
401,159
402,159
403,159
404,159
405,159
406,159
407,159
408,160
409,160
410,160
411,160
412,160
413,160
414,160
415,160
416,160
417,160
418,161
419,161
420,161
421,161
422,161
423,161
424,161
425,161
426,161
427,161
428,161
429,161
430,161
431,161
432,161
433,162
434,162
435,162
436,162
437,162
438,162
439,162
440,162
441,162
442,163
443,163
444,163
445,163
446,163
447,163
448,164
449,164
450,164
451,164
452,164
453,165
454,165
455,165
456,166
457,166
458,166
459,167
460,167
461,167
462,168
463,168
464,169
465,170
466,170
467,170
468,171
469,171
470,172
471,173
472,174
473,174
474,175
475,175
476,176
477,177
478,178
479,178
480,179
481,180
482,181
483,181
484,182
485,182
486,183
487,184
488,185
489,186
490,186
491,187
492,188
493,189
494,190
495,190
496,191
497,192
498,193
499,194
500,195
501,195
502,196
503,197
504,198
505,198
506,199
507,200
508,201
509,201
510,202
511,203
512,203
513,204
514,205
515,205
516,206
517,206
518,207
519,208
520,209
521,209
522,210
523,211
524,211
525,212
526,213
527,213
528,214
529,215
530,216
531,216
532,217
533,217
534,218
535,219
536,220
537,221
538,222
539,222
540,223
541,224
542,225
543,226
544,226
545,227
546,228
547,229
548,230
549,231
550,232
551,232
552,233
553,234
554,235
555,236
556,237
557,237
558,238
559,239
560,240
561,241
562,241
563,242
564,243
565,243
566,244
567,244
568,245
569,245
570,246
571,246
572,247
573,247
574,247
575,248
576,248
577,248
578,249
579,249
580,249
581,250
582,250
583,250
584,251
585,251
586,251
587,252
588,252
589,252
590,253
591,253
592,253
593,253
594,254
595,254
596,254
597,254
598,255
599,255
600,255
601,255
602,255
603,255
604,255
605,255
606,256
607,256
608,256
609,256
610,256
611,256
612,256
613,256
614,256
615,256
616,257
617,257
618,257
619,257
620,257
621,257
622,257
623,257
624,257
625,257
626,257
627,258
628,258
629,258
630,258
631,258
632,258
633,258
634,258
635,258
636,259
637,259
638,259
639,259
640,259
641,260
642,260
643,260
644,260
645,261
646,261
647,261
648,262
649,262
650,263
651,263
652,263
653,263
654,264
655,264
656,265
657,265
658,266
659,266
660,266
661,267
662,268
663,268
664,269
665,269
666,269
667,270
668,270
669,271
670,271
671,272
672,272
673,273
674,273
675,274
676,275
677,275
678,275
679,276
680,277
681,277
682,278
683,278
684,279
685,280
686,280
687,281
688,282
689,282
690,283
691,283
692,284
693,284
694,285
695,285
696,286
697,286
698,287
699,287
700,288
701,288
702,289
703,289
704,290
705,290
706,291
707,291
708,291
709,292
710,292
711,293
712,293
713,294
714,294
715,295
716,295
717,296
718,296
719,296
720,297
721,297
722,298
723,298
724,299
725,299
726,300
727,300
728,301
729,301
730,302
731,302
732,303
733,303
734,304
735,304
736,305
737,305
738,306
739,306
740,307
741,308
742,308
743,308
744,309
745,309
746,310
747,311
748,311
749,312
750,312
751,313
752,314
753,314
754,315
755,315
756,316
757,317
758,317
759,318
760,319
761,319
762,320
763,321
764,322
765,322
766,323
767,323
768,324
769,325
770,325
771,326
772,326
773,327
774,327
775,328
776,328
777,328
778,329
779,329
780,329
781,330
782,330
783,330
784,330
785,330
786,331
787,331
788,331
789,331
790,331
791,331
792,332
793,332
794,332
795,332
796,332
797,332
798,333
799,333
800,333
801,333
802,333
803,334
804,334
805,334
806,334
807,334
808,335
809,335
810,335
811,335
812,335
813,336
814,336
815,336
816,336
817,336
818,336
819,337
820,337
821,337
822,337
823,337
824,337
825,337
826,337
827,337
828,337
829,337
830,337
831,337
832,337
833,337
834,337
835,337
836,337
837,337
838,337
839,337
840,337
841,337
842,337
843,338
844,338
845,338
846,338
847,338
848,338
849,338
850,338
851,338
852,338
853,338
854,338
855,338
856,338
857,338
858,338
859,338
860,338
861,338
862,338
863,338
864,338
865,338
866,338
867,338
868,338
869,338
870,338
871,338
872,338
873,338
874,338
875,338
876,338
877,338
878,338
879,338
880,338
881,338
882,338
883,338
884,338
885,338
886,338
887,338
888,338
889,338
890,338
891,338
892,338
893,338
894,338
895,338
896,338
897,338
898,338
899,338
900,338
901,338
902,338
903,338
904,338
905,338
906,338
907,338
908,338
909,338
910,338
911,338
912,338
913,338
914,338
915,338
916,338
917,338
918,338
919,338
920,338
921,338
922,338
923,338
924,338
925,338
926,338
927,338
928,338
929,338
930,338
931,338
932,338
933,338
934,338
935,338
936,338
937,338
938,338
939,338
940,338
941,338
942,338
943,338
944,338
945,338
946,338
947,338
948,338
949,338
950,338
951,338
952,338
953,338
954,338
955,338
956,338
957,338
958,338
959,338
960,338
961,338
962,338
963,338
964,338
965,338
966,338
967,338
968,338
969,338
970,338
971,338
972,338
973,338
974,338
975,338
976,338
977,338
978,338
979,338
980,338
981,338
982,338
983,338
984,338
985,338
986,338
987,338
988,338
989,338
990,338
991,338
992,338
993,338
994,338
995,338
996,338
997,338
998,338
999,339
1000,339
1001,339
1002,339
1003,339
1004,339
1005,339
1006,339
1007,339
1008,339
1009,339
1010,339
1011,339
1012,339
1013,339
1014,339
1015,339
1016,339
1017,339
1018,339
1019,339
1020,339
1021,339
1022,339
1023,339
1024,339
1025,339
1026,339
1027,339
1028,339
1029,339
1030,339
1031,339
1032,339
1033,339
1034,339
1035,339
1036,339
1037,339
1038,339
1039,339
1040,339
1041,339
1042,339
1043,339
1044,339
1045,339
1046,339
1047,339
1048,339
1049,339
1050,339
1051,339
1052,339
1053,339
1054,339
1055,339
1056,339
1057,339
1058,339
1059,339
1060,339
1061,339
1062,339
1063,339
1064,339
1065,339
1066,339
1067,339
1068,339
1069,339
1070,339
1071,339
1072,339
1073,339
1074,339
1075,339
1076,339
1077,339
1078,339
1079,339
1080,339
1081,339
1082,339
1083,339
1084,339
1085,339
1086,339
1087,339
1088,339
1089,339
1090,339
1091,339
1092,339
1093,339
1094,339
1095,339
1096,339
1097,339
1098,339
1099,339
1100,339
1101,339
1102,339
1103,339
1104,339
1105,339
1106,339
1107,339
1108,339
1109,339
1110,339
1111,339
1112,339
1113,339
1114,339
1115,339
1116,339
1117,339
1118,339
1119,339
1120,339
1121,339
1122,339
1123,339
1124,339
1125,339
1126,339
1127,339
1128,339
1129,339
1130,339
1131,339
1132,339
1133,339
1134,339
1135,339
1136,339
1137,339
1138,339
1139,339
1140,339
1141,339
1142,339
1143,339
1144,339
1145,339
1146,339
1147,339
1148,339
1149,339
1150,339
1151,339
1152,339
1153,339
1154,339
1155,339
1156,339
1157,339
1158,339
1159,339
1160,339
1161,339
1162,339
1163,339
1164,339
1165,339
1166,339
1167,339
1168,339
1169,339
1170,339
1171,339
1172,339
1173,339
1174,339
1175,339
1176,339
1177,339
1178,339
1179,339
1180,339
1181,339
1182,339
1183,339
1184,339
1185,339
1186,339
1187,339
1188,339
1189,339
1190,339
1191,339
1192,339
1193,339
1194,339
1195,339
1196,339
1197,339
1198,339
1199,339
1200,339
1201,339
1202,339
1203,339
1204,339
1205,339
1206,339
1207,339
1208,339
1209,339
1210,339
1211,339
1212,339
1213,339
1214,339
1215,339
1216,339
1217,339
1218,339
1219,339
1220,339
1221,339
1222,339
1223,339
1224,339
1225,339
1226,339
1227,339
1228,339
1229,339
1230,339
1231,339
1232,339
1233,339
1234,339
1235,339
1236,339
1237,339
1238,339
1239,339
1240,339
1241,339
1242,339
1243,339
1244,339
1245,339
1246,339
1247,339
1248,339
1249,339
1250,339
1251,339
1252,339
1253,339
1254,339
1255,339
1256,339
1257,339
1258,339
1259,339
1260,339
1261,339
1262,339
1263,339
1264,339
1265,339
1266,339
1267,339
1268,339
1269,339
1270,339
1271,339
1272,339
1273,339
1274,339
1275,339
1276,339
1277,339
1278,339
1279,339
1280,339
1281,339
1282,339
1283,339
1284,339
1285,339
1286,339
1287,339
1288,339
1289,339
1290,339
1291,339
1292,339
1293,339
1294,339
1295,339
1296,339
1297,340
1298,340
1299,340
1300,340
1301,340
1302,340
1303,340
1304,340
1305,340
1306,340
1307,340
1308,340
1309,340
1310,340
1311,340
1312,340
1313,340
1314,340
1315,340
1316,340
1317,340
1318,340
1319,340
1320,340
1321,340
1322,340
1323,340
1324,340
1325,340
1326,340
1327,340
1328,340
1329,340
1330,340
1331,340
1332,340
1333,340
1334,340
1335,340
1336,340
1337,340
1338,340
1339,340
1340,340
1341,340
1342,340
1343,340
1344,340
1345,340
1346,340
1347,340
1348,340
1349,340
1350,340
1351,340
1352,340
1353,340
1354,340
1355,340
1356,340
1357,340
1358,340
1359,340
1360,340
1361,340
1362,340
1363,340
1364,340
1365,340
1366,340
1367,340
1368,340
1369,340
1370,340
1371,340
1372,340
1373,340
1374,340
1375,340
1376,340
1377,340
1378,340
1379,340
1380,340
1381,340
1382,340
1383,340
1384,340
1385,340
1386,340
1387,340
1388,340
1389,340
1390,340
1391,340
1392,340
1393,340
1394,340
1395,340
1396,340
1397,340
1398,340
1399,340
1400,340
1401,340
1402,340
1403,340
1404,340
1405,340
1406,340
1407,340
1408,340
1409,340
1410,340
1411,340
1412,340
1413,340
1414,340
1415,340
1416,340
1417,340
1418,340
1419,340
1420,340
1421,340
1422,340
1423,340
1424,340
1425,340
1426,340
1427,340
1428,340
1429,340
1430,340
1431,340
1432,340
1433,340
1434,340
1435,340
1436,340
1437,340
1438,340
1439,340
1440,340
1441,340
1442,340
1443,340
1444,340
1445,340
1446,340
1447,340
1448,340
1449,340
1450,340
1451,340
1452,340
1453,340
1454,340
1455,340
1456,340
1457,340
1458,340
1459,340
1460,340
1461,340
1462,340
1463,340
1464,340
1465,340
1466,340
1467,340
1468,340
1469,340
1470,340
1471,340
1472,340
1473,340
1474,340
1475,340
1476,340
1477,340
1478,340
1479,340
1480,340
1481,340
1482,340
1483,340
1484,340
1485,340
1486,340
1487,340
1488,340
1489,340
1490,340
1491,340
1492,340
1493,340
1494,340
1495,340
1496,340
1497,340
1498,340
1499,340
1500,340
1501,340
1502,340
1503,340
1504,340
1505,340
1506,340
1507,340
1508,340
1509,340
1510,340
1511,340
1512,340
1513,340
1514,340
1515,340
1516,340
1517,340
1518,340
1519,340
1520,340
1521,340
1522,340
1523,340
1524,340
1525,340
1526,340
1527,340
1528,340
1529,340
1530,340
1531,340
1532,340
1533,340
1534,340
1535,340
1536,340
1537,340
1538,341
1539,341
1540,341
1541,341
1542,341
1543,341
1544,341
1545,341
1546,341
1547,341
1548,341
1549,341
1550,341
1551,341
1552,341
1553,341
1554,341
1555,341
1556,341
1557,341
1558,341
1559,341
1560,341
1561,341
1562,341
1563,341
1564,341
1565,341
1566,341
1567,341
1568,341
1569,341
1570,341
1571,341
1572,341
1573,341
1574,341
1575,341
1576,341
1577,341
1578,341
1579,341
1580,341
1581,341
1582,341
1583,341
1584,341
1585,341
1586,341
1587,341
1588,341
1589,341
1590,341
1591,341
1592,341
1593,341
1594,341
1595,341
1596,341
1597,341
1598,341
1599,341
1600,341
1601,341
1602,341
1603,341
1604,341
1605,341
1606,341
1607,341
1608,341
1609,341
1610,341
1611,341
1612,341
1613,341
1614,341
1615,341
1616,341
1617,341
1618,341
1619,341
1620,341
1621,341
1622,341
1623,341
1624,341
1625,341
1626,341
1627,341
1628,341
1629,341
1630,341
1631,341
1632,341
1633,342
1634,342
1635,342
1636,342
1637,342
1638,342
1639,342
1640,342
1641,342
1642,342
1643,342
1644,342
1645,342
1646,342
1647,342
1648,342
1649,342
1650,342
1651,342
1652,342
1653,342
1654,342
1655,342
1656,342
1657,342
1658,342
1659,342
1660,342
1661,342
1662,342
1663,342
1664,342
1665,342
1666,342
1667,342
1668,342
1669,342
1670,342
1671,342
1672,342
1673,342
1674,342
1675,342
1676,342
1677,342
1678,342
1679,342
1680,342
1681,342
1682,342
1683,342
1684,343
1685,343
1686,343
1687,343
1688,343
1689,343
1690,343
1691,343
1692,343
1693,343
1694,343
1695,343
1696,343
1697,343
1698,343
1699,343
1700,343
1701,343
1702,343
1703,343
1704,343
1705,343
1706,343
1707,343
1708,343
1709,343
1710,344
1711,344
1712,344
1713,344
1714,344
1715,344
1716,344
1717,344
1718,344
1719,344
1720,344
1721,344
1722,344
1723,344
1724,344
1725,345
1726,345
1727,345
1728,345
1729,345
1730,345
1731,345
1732,345
1733,345
1734,345
1735,345
1736,345
1737,345
1738,345
1739,345
1740,346
1741,346
1742,346
1743,346
1744,346
1745,346
1746,346
1747,346
1748,346
1749,346
1750,347
1751,347
1752,347
1753,347
1754,347
1755,347
1756,347
1757,347
1758,348
1759,348
1760,348
1761,348
1762,348
1763,348
1764,348
1765,349
1766,349
1767,349
1768,349
1769,349
1770,349
1771,350
1772,350
1773,350
1774,350
1775,350
1776,351
1777,351
1778,351
1779,351
1780,351
1781,351
1782,352
1783,352
1784,352
1785,352
1786,352
1787,352
1788,353
1789,353
1790,353
1791,353
1792,353
1793,354
1794,354
1795,354
1796,354
1797,354
1798,355
1799,355
