0,0
1,0
2,-1
3,-2
4,-3
5,-4
6,-5
7,-7
8,-10
9,-12
10,-15
11,-17
12,-20
13,-24
14,-27
15,-31
16,-36
17,-38
18,-42
19,-47
20,-52
21,-57
22,-63
23,-65
24,-71
25,-77
26,-83
27,-89
28,-95
29,-98
30,-105
31,-111
32,-117
33,-124
34,-130
35,-134
36,-140
37,-147
38,-154
39,-160
40,-167
41,-171
42,-177
43,-184
44,-191
45,-198
46,-205
47,-208
48,-215
49,-222
50,-229
51,-236
52,-243
53,-246
54,-253
55,-260
56,-267
57,-274
58,-281
59,-284
60,-291
61,-298
62,-305
63,-311
64,-317
65,-321
66,-327
67,-333
68,-339
69,-345
70,-352
71,-354
72,-361
73,-367
74,-373
75,-379
76,-385
77,-387
78,-393
79,-399
80,-404
81,-410
82,-415
83,-418
84,-423
85,-429
86,-434
87,-439
88,-445
89,-447
90,-453
91,-458
92,-463
93,-468
94,-473
95,-476
96,-481
97,-486
98,-490
99,-495
100,-500
101,-502
102,-506
103,-511
104,-516
105,-520
106,-525
107,-527
108,-532
109,-536
110,-541
111,-545
112,-550
113,-552
114,-557
115,-561
116,-565
117,-570
118,-574
119,-576
120,-580
121,-584
122,-589
123,-593
124,-597
125,-599
126,-603
127,-607
128,-612
129,-616
130,-620
131,-622
132,-627
133,-631
134,-636
135,-640
136,-645
137,-647
138,-652
139,-656
140,-661
141,-665
142,-670
143,-672
144,-677
145,-681
146,-686
147,-691
148,-695
149,-697
150,-702
151,-707
152,-712
153,-717
154,-722
155,-725
156,-730
157,-735
158,-740
159,-745
160,-751
161,-753
162,-759
163,-764
164,-769
165,-775
166,-780
167,-783
168,-788
169,-794
170,-800
171,-805
172,-811
173,-814
174,-820
175,-826
176,-832
177,-838
178,-844
179,-847
180,-854
181,-860
182,-866
183,-872
184,-879
185,-882
186,-888
187,-895
188,-901
189,-908
190,-914
191,-918
192,-924
193,-931
194,-938
195,-945
196,-952
197,-955
198,-962
199,-969
200,-976
201,-983
202,-990
203,-993
204,-1000
205,-1007
206,-1014
207,-1021
208,-1029
209,-1032
210,-1039
211,-1046
212,-1054
213,-1061
214,-1068
215,-1072
216,-1079
217,-1086
218,-1093
219,-1101
220,-1108
221,-1112
222,-1119
223,-1127
224,-1134
225,-1142
226,-1149
227,-1153
228,-1160
229,-1168
230,-1176
231,-1184
232,-1191
233,-1195
234,-1203
235,-1211
236,-1218
237,-1226
238,-1234
239,-1237
240,-1245
241,-1252
242,-1260
243,-1267
244,-1274
245,-1278
246,-1285
247,-1293
248,-1300
249,-1307
250,-1315
251,-1318
252,-1325
253,-1333
254,-1340
255,-1347
256,-1354
257,-1357
258,-1364
259,-1371
260,-1378
261,-1385
262,-1392
263,-1396
264,-1403
265,-1409
266,-1416
267,-1423
268,-1430
269,-1433
270,-1440
271,-1446
272,-1453
273,-1459
274,-1466
275,-1469
276,-1476
277,-1482
278,-1489
279,-1495
280,-1502
281,-1505
282,-1512
283,-1518
284,-1524
285,-1531
286,-1537
287,-1540
288,-1546
289,-1553
290,-1559
291,-1565
292,-1572
293,-1575
294,-1581
295,-1588
296,-1594
297,-1601
298,-1607
299,-1610
300,-1617
301,-1623
302,-1629
303,-1636
304,-1642
305,-1645
306,-1651
307,-1658
308,-1664
309,-1670
310,-1677
311,-1680
312,-1686
313,-1692
314,-1699
315,-1705
316,-1712
317,-1715
318,-1721
319,-1728
320,-1734
321,-1741
322,-1747
323,-1750
324,-1757
325,-1763
326,-1770
327,-1777
328,-1784
329,-1787
330,-1793
331,-1800
332,-1807
333,-1814
334,-1820
335,-1824
336,-1830
337,-1837
338,-1844
339,-1851
340,-1857
341,-1861
342,-1868
343,-1875
344,-1882
345,-1888
346,-1895
347,-1899
348,-1906
349,-1912
350,-1919
351,-1926
352,-1933
353,-1936
354,-1943
355,-1950
356,-1957
357,-1964
358,-1971
359,-1974
360,-1981
361,-1988
362,-1995
363,-2002
364,-2009
365,-2012
366,-2019
367,-2026
368,-2033
369,-2040
370,-2047
371,-2050
372,-2057
373,-2064
374,-2071
375,-2078
376,-2084
377,-2088
378,-2094
379,-2101
380,-2107
381,-2113
382,-2120
383,-2123
384,-2129
385,-2136
386,-2142
387,-2149
388,-2155
389,-2158
390,-2164
391,-2171
392,-2177
393,-2183
394,-2189
395,-2192
396,-2198
397,-2204
398,-2209
399,-2215
400,-2221
401,-2224
402,-2230
403,-2236
404,-2242
405,-2248
406,-2254
407,-2257
408,-2263
409,-2269
410,-2274
411,-2280
412,-2286
413,-2289
414,-2294
415,-2300
416,-2306
417,-2312
418,-2318
419,-2320
420,-2326
421,-2332
422,-2338
423,-2344
424,-2350
425,-2353
426,-2359
427,-2365
428,-2371
429,-2377
430,-2383
431,-2386
432,-2392
433,-2398
434,-2405
435,-2411
436,-2417
437,-2420
438,-2426
439,-2432
440,-2439
441,-2445
442,-2451
443,-2454
444,-2461
445,-2467
446,-2473
447,-2480
448,-2486
449,-2489
450,-2495
451,-2502
452,-2508
453,-2515
454,-2521
455,-2525
456,-2531
457,-2538
458,-2545
459,-2551
460,-2558
461,-2561
462,-2567
463,-2574
464,-2580
465,-2587
466,-2594
467,-2597
468,-2604
469,-2610
470,-2617
471,-2624
472,-2631
473,-2634
474,-2641
475,-2648
476,-2654
477,-2661
478,-2668
479,-2671
480,-2678
481,-2685
482,-2691
483,-2698
484,-2705
485,-2708
486,-2715
487,-2722
488,-2729
489,-2736
490,-2743
491,-2747
492,-2754
493,-2761
494,-2768
495,-2775
496,-2782
497,-2786
498,-2793
499,-2801
500,-2808
501,-2815
502,-2822
503,-2826
504,-2833
505,-2840
506,-2848
507,-2855
508,-2862
509,-2865
510,-2872
511,-2879
512,-2887
513,-2894
514,-2901
515,-2905
516,-2912
517,-2919
518,-2927
519,-2934
520,-2941
521,-2945
522,-2952
523,-2959
524,-2966
525,-2973
526,-2981
527,-2984
528,-2991
529,-2998
530,-3005
531,-3012
532,-3019
533,-3022
534,-3029
535,-3036
536,-3043
537,-3049
538,-3056
539,-3059
540,-3066
541,-3073
542,-3079
543,-3086
544,-3093
545,-3096
546,-3102
547,-3109
548,-3115
549,-3122
550,-3128
551,-3131
552,-3137
553,-3144
554,-3150
555,-3156
556,-3163
557,-3166
558,-3172
559,-3178
560,-3185
561,-3191
562,-3198
563,-3201
564,-3207
565,-3213
566,-3219
567,-3225
568,-3231
569,-3234
570,-3240
571,-3246
572,-3252
573,-3258
574,-3264
575,-3267
576,-3274
577,-3280
578,-3286
579,-3292
580,-3298
581,-3301
582,-3307
583,-3314
584,-3320
585,-3326
586,-3332
587,-3335
588,-3341
589,-3348
590,-3354
591,-3360
592,-3366
593,-3369
594,-3376
595,-3382
596,-3388
597,-3395
598,-3401
599,-3404
600,-3410
601,-3416
602,-3422
603,-3428
604,-3435
605,-3437
606,-3444
607,-3450
608,-3456
609,-3462
610,-3469
611,-3472
612,-3478
613,-3485
614,-3491
615,-3498
616,-3504
617,-3507
618,-3514
619,-3520
620,-3527
621,-3533
622,-3540
623,-3543
624,-3550
625,-3557
626,-3564
627,-3571
628,-3578
629,-3581
630,-3589
631,-3596
632,-3603
633,-3610
634,-3617
635,-3621
636,-3628
637,-3635
638,-3642
639,-3650
640,-3657
641,-3660
642,-3668
643,-3675
644,-3682
645,-3689
646,-3696
647,-3700
648,-3707
649,-3714
650,-3721
651,-3728
652,-3735
653,-3738
654,-3745
655,-3752
656,-3759
657,-3766
658,-3773
659,-3776
660,-3783
661,-3790
662,-3797
663,-3803
664,-3810
665,-3813
666,-3820
667,-3827
668,-3834
669,-3840
670,-3847
671,-3851
672,-3858
673,-3865
674,-3872
675,-3878
676,-3885
677,-3888
678,-3895
679,-3902
680,-3909
681,-3916
682,-3922
683,-3926
684,-3933
685,-3939
686,-3946
687,-3953
688,-3960
689,-3963
690,-3969
691,-3976
692,-3982
693,-3989
694,-3996
695,-3999
696,-4005
697,-4012
698,-4018
699,-4025
700,-4031
701,-4034
702,-4041
703,-4047
704,-4053
705,-4060
706,-4066
707,-4069
708,-4075
709,-4081
710,-4087
711,-4093
712,-4099
713,-4102
714,-4108
715,-4114
716,-4121
717,-4127
718,-4133
719,-4136
720,-4143
721,-4149
722,-4155
723,-4161
724,-4167
725,-4170
726,-4176
727,-4183
728,-4189
729,-4195
730,-4201
731,-4204
732,-4210
733,-4216
734,-4222
735,-4228
736,-4234
737,-4237
738,-4243
739,-4249
740,-4255
741,-4261
742,-4267
743,-4270
744,-4276
745,-4282
746,-4288
747,-4295
748,-4301
749,-4304
750,-4310
751,-4317
752,-4323
753,-4329
754,-4336
755,-4339
756,-4345
757,-4352
758,-4358
759,-4365
760,-4371
761,-4375
762,-4381
763,-4388
764,-4395
765,-4402
766,-4409
767,-4412
768,-4419
769,-4426
770,-4433
771,-4440
772,-4447
773,-4450
774,-4457
775,-4464
776,-4471
777,-4478
778,-4485
779,-4489
780,-4496
781,-4503
782,-4510
783,-4518
784,-4525
785,-4528
786,-4535
787,-4543
788,-4550
789,-4557
790,-4564
791,-4568
792,-4575
793,-4582
794,-4590
795,-4597
796,-4604
797,-4608
798,-4615
799,-4622
800,-4630
801,-4637
802,-4644
803,-4647
804,-4654
805,-4661
806,-4669
807,-4676
808,-4683
809,-4686
810,-4693
811,-4700
812,-4707
813,-4714
814,-4721
815,-4725
816,-4731
817,-4738
818,-4745
819,-4752
820,-4759
821,-4762
822,-4769
823,-4776
824,-4783
825,-4790
826,-4797
827,-4800
828,-4807
829,-4814
830,-4820
831,-4826
832,-4833
833,-4836
834,-4842
835,-4848
836,-4854
837,-4861
838,-4867
839,-4870
840,-4876
841,-4882
842,-4888
843,-4894
844,-4900
845,-4903
846,-4909
847,-4915
848,-4921
849,-4926
850,-4932
851,-4935
852,-4941
853,-4947
854,-4952
855,-4958
856,-4964
857,-4966
858,-4972
859,-4978
860,-4984
861,-4989
862,-4995
863,-4997
864,-5003
865,-5008
866,-5014
867,-5019
868,-5025
869,-5027
870,-5033
871,-5038
872,-5043
873,-5049
874,-5054
875,-5057
876,-5062
877,-5068
878,-5073
879,-5079
880,-5084
881,-5087
882,-5092
883,-5097
884,-5103
885,-5107
886,-5111
887,-5113
888,-5116
889,-5119
890,-5121
891,-5123
892,-5124
893,-5125
894,-5125
895,-5125
896,-5125
897,-5125
898,-5125
899,-5124
900,-5124
901,-5124
