0,0
1,0
2,0
3,-1
4,-2
5,-3
6,-4
7,-6
8,-7
9,-9
10,-11
11,-14
12,-16
13,-18
14,-21
15,-24
16,-27
17,-30
18,-34
19,-35
20,-39
21,-42
22,-46
23,-49
24,-53
25,-54
26,-58
27,-61
28,-65
29,-68
30,-72
31,-73
32,-77
33,-81
34,-84
35,-88
36,-92
37,-93
38,-97
39,-101
40,-105
41,-109
42,-113
43,-115
44,-119
45,-124
46,-128
47,-132
48,-137
49,-139
50,-143
51,-147
52,-152
53,-156
54,-160
55,-162
56,-167
57,-171
58,-175
59,-180
60,-184
61,-186
62,-190
63,-195
64,-199
65,-204
66,-208
67,-210
68,-215
69,-219
70,-224
71,-228
72,-233
73,-235
74,-239
75,-244
76,-248
77,-252
78,-257
79,-259
80,-263
81,-267
82,-271
83,-275
84,-279
85,-281
86,-285
87,-289
88,-293
89,-297
90,-301
91,-303
92,-307
93,-311
94,-315
95,-319
96,-323
97,-325
98,-328
99,-332
100,-336
101,-339
102,-343
103,-344
104,-348
105,-351
106,-355
107,-358
108,-362
109,-363
110,-367
111,-370
112,-373
113,-377
114,-380
115,-382
116,-385
117,-388
118,-392
119,-395
120,-398
121,-400
122,-403
123,-407
124,-410
125,-414
126,-417
127,-418
128,-422
129,-425
130,-428
131,-431
132,-434
133,-435
134,-438
135,-441
136,-443
137,-446
138,-448
139,-449
140,-452
141,-454
142,-456
143,-458
144,-461
145,-462
146,-464
147,-466
148,-469
149,-471
150,-473
151,-474
152,-477
153,-479
154,-481
155,-484
156,-486
157,-487
158,-489
159,-492
160,-494
161,-496
162,-498
163,-499
164,-502
165,-504
166,-506
167,-509
168,-511
169,-512
170,-514
171,-517
172,-519
173,-521
174,-524
175,-524
176,-527
177,-529
178,-530
179,-532
180,-534
181,-535
182,-536
183,-538
184,-540
185,-541
186,-543
187,-543
188,-545
189,-546
190,-548
191,-550
192,-551
193,-552
194,-553
195,-555
196,-556
197,-558
198,-559
199,-560
200,-562
201,-563
202,-565
203,-567
204,-569
205,-569
206,-571
207,-573
208,-575
209,-577
210,-578
211,-579
212,-581
213,-583
214,-584
215,-586
216,-588
217,-589
218,-591
219,-592
220,-594
221,-596
222,-598
223,-598
224,-600
225,-602
226,-603
227,-605
228,-606
229,-607
230,-608
231,-610
232,-611
233,-613
234,-614
235,-614
236,-616
237,-617
238,-617
239,-618
240,-619
241,-620
242,-620
243,-621
244,-622
245,-622
246,-623
247,-623
248,-624
249,-625
250,-625
251,-625
252,-626
253,-626
254,-626
255,-627
256,-627
257,-627
258,-628
259,-628
260,-628
261,-629
262,-629
263,-630
264,-630
265,-630
266,-631
267,-632
268,-632
269,-633
270,-633
271,-633
272,-634
273,-635
274,-635
275,-636
276,-637
277,-637
278,-637
279,-638
280,-639
281,-639
282,-640
283,-640
284,-641
285,-641
286,-642
287,-643
288,-643
289,-644
290,-644
291,-645
292,-646
293,-647
294,-647
295,-648
296,-649
297,-649
298,-650
299,-651
300,-652
301,-652
302,-653
303,-654
304,-655
305,-656
306,-657
307,-657
308,-658
309,-659
310,-660
311,-661
312,-662
313,-663
314,-664
315,-665
316,-666
317,-667
318,-668
319,-668
320,-669
321,-670
322,-671
323,-672
324,-673
325,-673
326,-674
327,-676
328,-677
329,-678
330,-679
331,-679
332,-680
333,-681
334,-682
335,-683
336,-685
337,-685
338,-686
339,-687
340,-689
341,-690
342,-691
343,-691
344,-692
345,-693
346,-694
347,-695
348,-696
349,-697
350,-698
351,-698
352,-699
353,-700
354,-701
355,-701
356,-702
357,-702
358,-703
359,-704
360,-704
361,-705
362,-705
363,-706
364,-706
365,-707
366,-707
367,-707
368,-708
369,-708
370,-708
371,-709
372,-709
373,-709
374,-710
375,-710
376,-710
377,-711
378,-711
379,-711
380,-712
381,-712
382,-712
383,-713
384,-713
385,-713
386,-713
387,-714
388,-714
389,-714
390,-715
391,-715
392,-715
393,-716
394,-716
395,-716
396,-717
397,-717
398,-717
399,-718
400,-718
401,-719
402,-719
403,-719
404,-720
405,-721
406,-721
407,-722
408,-723
409,-723
410,-723
411,-724
412,-725
413,-726
414,-727
415,-727
416,-728
417,-729
418,-730
419,-731
420,-732
421,-733
422,-734
423,-735
424,-736
425,-738
426,-739
427,-740
428,-741
429,-742
430,-744
431,-745
432,-746
433,-747
434,-748
435,-749
436,-751
437,-752
438,-753
439,-754
440,-755
441,-756
442,-758
443,-759
444,-760
445,-761
446,-762
447,-764
448,-765
449,-767
450,-768
451,-769
452,-770
453,-772
454,-774
455,-775
456,-777
457,-778
458,-779
459,-781
460,-783
461,-784
462,-786
463,-787
464,-788
465,-790
466,-791
467,-793
468,-794
469,-795
470,-797
471,-798
472,-800
473,-801
474,-803
475,-803
476,-805
477,-806
478,-807
479,-809
480,-810
481,-811
482,-812
483,-813
484,-815
485,-816
486,-818
487,-819
488,-820
489,-822
490,-823
491,-825
492,-827
493,-827
494,-829
495,-831
496,-832
497,-834
498,-836
499,-837
500,-838
501,-840
502,-842
503,-844
504,-846
505,-846
506,-848
507,-850
508,-852
509,-854
510,-856
511,-857
512,-859
513,-862
514,-864
515,-866
516,-869
517,-870
518,-872
519,-875
520,-877
521,-880
522,-882
523,-883
524,-886
525,-888
526,-890
527,-892
528,-895
529,-896
530,-898
531,-900
532,-902
533,-905
534,-907
535,-908
536,-910
537,-912
538,-915
539,-917
540,-920
541,-921
542,-923
543,-926
544,-928
545,-931
546,-934
547,-935
548,-937
549,-940
550,-943
551,-946
552,-948
553,-950
554,-953
555,-956
556,-959
557,-962
558,-965
559,-967
560,-970
561,-973
562,-976
563,-979
564,-983
565,-984
566,-987
567,-990
568,-994
569,-997
570,-1000
571,-1001
572,-1005
573,-1008
574,-1011
575,-1014
576,-1017
577,-1019
578,-1022
579,-1025
580,-1028
581,-1031
582,-1034
583,-1036
584,-1039
585,-1042
586,-1046
587,-1049
588,-1053
589,-1055
590,-1058
591,-1062
592,-1066
593,-1069
594,-1073
595,-1075
596,-1078
597,-1082
598,-1086
599,-1089
600,-1093
601,-1094
602,-1098
603,-1101
604,-1105
605,-1108
606,-1111
607,-1113
608,-1116
609,-1120
610,-1124
611,-1127
612,-1131
613,-1133
614,-1136
615,-1140
616,-1144
617,-1148
618,-1151
619,-1153
620,-1157
621,-1161
622,-1164
623,-1168
624,-1172
625,-1173
626,-1177
627,-1181
628,-1185
629,-1188
630,-1192
631,-1194
632,-1197
633,-1201
634,-1205
635,-1208
636,-1212
637,-1214
638,-1217
639,-1221
640,-1225
641,-1229
642,-1233
643,-1235
644,-1239
645,-1243
646,-1247
647,-1251
648,-1255
649,-1257
650,-1261
651,-1265
652,-1269
653,-1273
654,-1277
655,-1279
656,-1283
657,-1288
658,-1292
659,-1296
660,-1300
661,-1302
662,-1306
663,-1310
664,-1314
665,-1319
666,-1323
667,-1325
668,-1329
669,-1333
670,-1338
671,-1342
672,-1346
673,-1348
674,-1352
675,-1357
676,-1361
677,-1365
678,-1369
679,-1371
680,-1375
681,-1379
682,-1383
683,-1386
684,-1390
685,-1392
686,-1395
687,-1399
688,-1403
689,-1406
690,-1410
691,-1412
692,-1415
693,-1419
694,-1422
695,-1426
696,-1430
697,-1431
698,-1435
699,-1439
700,-1442
701,-1446
702,-1449
703,-1451
704,-1455
705,-1458
706,-1462
707,-1465
708,-1469
709,-1470
710,-1473
711,-1477
712,-1480
713,-1483
714,-1486
715,-1488
716,-1491
717,-1494
718,-1497
719,-1500
720,-1503
721,-1505
722,-1508
723,-1511
724,-1514
725,-1517
726,-1521
727,-1522
728,-1525
729,-1528
730,-1531
731,-1534
732,-1537
733,-1539
734,-1542
735,-1545
736,-1548
737,-1551
738,-1554
739,-1556
740,-1558
741,-1561
742,-1564
743,-1566
744,-1569
745,-1570
746,-1573
747,-1575
748,-1578
749,-1580
750,-1583
751,-1584
752,-1587
753,-1589
754,-1592
755,-1594
756,-1597
757,-1598
758,-1601
759,-1604
760,-1607
761,-1610
762,-1613
763,-1614
764,-1617
765,-1620
766,-1623
767,-1626
768,-1629
769,-1631
770,-1634
771,-1637
772,-1640
773,-1643
774,-1646
775,-1648
776,-1651
777,-1654
778,-1657
779,-1659
780,-1662
781,-1663
782,-1666
783,-1669
784,-1672
785,-1674
786,-1677
787,-1678
788,-1681
789,-1684
790,-1687
791,-1689
792,-1692
793,-1693
794,-1696
795,-1699
796,-1702
797,-1705
798,-1708
799,-1710
800,-1713
801,-1716
802,-1719
803,-1722
804,-1725
805,-1727
806,-1730
807,-1733
808,-1736
809,-1739
810,-1742
811,-1744
812,-1747
813,-1749
814,-1752
815,-1755
816,-1758
817,-1759
818,-1762
819,-1765
820,-1768
821,-1770
822,-1773
823,-1774
824,-1777
825,-1780
826,-1783
827,-1785
828,-1788
829,-1789
830,-1792
831,-1795
832,-1798
833,-1801
834,-1804
835,-1805
836,-1808
837,-1812
838,-1815
839,-1818
840,-1821
841,-1822
842,-1826
843,-1829
844,-1832
845,-1835
846,-1838
847,-1840
848,-1843
849,-1846
850,-1849
851,-1852
852,-1855
853,-1856
854,-1859
855,-1862
856,-1865
857,-1868
858,-1871
859,-1873
860,-1876
861,-1879
862,-1882
863,-1885
864,-1888
865,-1890
866,-1893
867,-1896
868,-1899
869,-1902
870,-1906
871,-1907
872,-1911
873,-1914
874,-1917
875,-1920
876,-1924
877,-1925
878,-1928
879,-1931
880,-1935
881,-1938
882,-1941
883,-1942
884,-1945
885,-1949
886,-1952
887,-1955
888,-1958
889,-1960
890,-1963
891,-1966
892,-1969
893,-1972
894,-1976
895,-1977
896,-1980
897,-1984
898,-1987
899,-1990
900,-1994
901,-1995
902,-1998
903,-2002
904,-2005
905,-2009
906,-2012
907,-2014
908,-2017
909,-2021
910,-2024
911,-2027
912,-2031
913,-2032
914,-2035
915,-2039
916,-2042
917,-2045
918,-2048
919,-2049
920,-2052
921,-2055
922,-2058
923,-2061
924,-2064
925,-2066
926,-2069
927,-2072
928,-2075
929,-2078
930,-2082
931,-2083
932,-2086
933,-2090
934,-2093
935,-2096
936,-2099
937,-2101
938,-2104
939,-2108
940,-2111
941,-2115
942,-2119
943,-2120
944,-2124
945,-2127
946,-2130
947,-2134
948,-2137
949,-2138
950,-2142
951,-2145
952,-2148
953,-2151
954,-2154
955,-2155
956,-2158
957,-2161
958,-2165
959,-2168
960,-2171
961,-2172
962,-2176
963,-2179
964,-2182
965,-2185
966,-2188
967,-2190
968,-2193
969,-2196
970,-2199
971,-2202
972,-2206
973,-2207
974,-2210
975,-2213
976,-2216
977,-2218
978,-2221
979,-2222
980,-2225
981,-2227
982,-2230
983,-2232
984,-2234
985,-2235
986,-2238
987,-2240
988,-2242
989,-2244
990,-2247
991,-2248
992,-2250
993,-2252
994,-2255
995,-2257
996,-2259
997,-2260
998,-2263
999,-2265
1000,-2267
1001,-2270
1002,-2272
1003,-2273
1004,-2276
1005,-2278
1006,-2280
1007,-2282
1008,-2285
1009,-2286
1010,-2288
1011,-2290
1012,-2292
1013,-2295
1014,-2297
1015,-2298
1016,-2300
1017,-2302
1018,-2304
1019,-2306
1020,-2308
1021,-2309
1022,-2310
1023,-2312
1024,-2314
1025,-2315
1026,-2317
1027,-2318
1028,-2319
1029,-2321
1030,-2322
1031,-2324
1032,-2326
1033,-2326
1034,-2328
1035,-2330
1036,-2332
1037,-2333
1038,-2335
1039,-2336
1040,-2338
1041,-2340
1042,-2341
1043,-2343
1044,-2345
1045,-2346
1046,-2348
1047,-2350
1048,-2352
1049,-2354
1050,-2356
1051,-2356
1052,-2358
1053,-2360
1054,-2362
1055,-2364
1056,-2366
1057,-2367
1058,-2370
1059,-2372
1060,-2374
1061,-2376
1062,-2378
1063,-2379
1064,-2381
1065,-2384
1066,-2386
1067,-2388
1068,-2390
1069,-2391
1070,-2393
1071,-2395
1072,-2398
1073,-2400
1074,-2402
1075,-2403
1076,-2405
1077,-2407
1078,-2409
1079,-2411
1080,-2413
1081,-2414
1082,-2416
1083,-2418
1084,-2420
1085,-2422
1086,-2424
1087,-2425
1088,-2427
1089,-2429
1090,-2431
1091,-2433
1092,-2435
1093,-2436
1094,-2438
1095,-2440
1096,-2442
1097,-2444
1098,-2446
1099,-2447
1100,-2449
1101,-2452
1102,-2454
1103,-2456
1104,-2458
1105,-2459
1106,-2462
1107,-2464
1108,-2467
1109,-2469
1110,-2472
1111,-2473
1112,-2476
1113,-2478
1114,-2481
1115,-2483
1116,-2486
1117,-2487
1118,-2489
1119,-2492
1120,-2494
1121,-2496
1122,-2499
1123,-2500
1124,-2502
1125,-2505
1126,-2507
1127,-2510
1128,-2512
1129,-2513
1130,-2516
1131,-2519
1132,-2521
1133,-2524
1134,-2527
1135,-2528
1136,-2531
1137,-2533
1138,-2536
1139,-2539
1140,-2541
1141,-2543
1142,-2545
1143,-2548
1144,-2551
1145,-2554
1146,-2556
1147,-2558
1148,-2560
1149,-2563
1150,-2566
1151,-2569
1152,-2572
1153,-2573
1154,-2576
1155,-2578
1156,-2581
1157,-2584
1158,-2586
1159,-2588
1160,-2590
1161,-2593
1162,-2595
1163,-2598
1164,-2601
1165,-2602
1166,-2604
1167,-2607
1168,-2610
1169,-2612
1170,-2615
1171,-2616
1172,-2618
1173,-2621
1174,-2623
1175,-2626
1176,-2629
1177,-2630
1178,-2632
1179,-2635
1180,-2638
1181,-2640
1182,-2643
1183,-2645
1184,-2648
1185,-2651
1186,-2654
1187,-2657
1188,-2660
1189,-2661
1190,-2664
1191,-2667
1192,-2670
1193,-2673
1194,-2676
1195,-2678
1196,-2681
1197,-2683
1198,-2686
1199,-2689
1200,-2692
1201,-2693
1202,-2696
1203,-2699
1204,-2702
1205,-2704
1206,-2707
1207,-2708
1208,-2711
1209,-2714
1210,-2716
1211,-2719
1212,-2722
1213,-2724
1214,-2727
1215,-2730
1216,-2733
1217,-2736
1218,-2739
1219,-2741
1220,-2744
1221,-2747
1222,-2751
1223,-2754
1224,-2757
1225,-2759
1226,-2762
1227,-2765
1228,-2768
1229,-2771
1230,-2775
1231,-2776
1232,-2779
1233,-2782
1234,-2786
1235,-2789
1236,-2792
1237,-2793
1238,-2796
1239,-2799
1240,-2802
1241,-2805
1242,-2808
1243,-2809
1244,-2812
1245,-2815
1246,-2818
1247,-2821
1248,-2825
1249,-2826
1250,-2829
1251,-2833
1252,-2836
1253,-2839
1254,-2843
1255,-2844
1256,-2848
1257,-2851
1258,-2854
1259,-2858
1260,-2861
1261,-2863
1262,-2866
1263,-2870
1264,-2873
1265,-2877
1266,-2880
1267,-2882
1268,-2885
1269,-2889
1270,-2892
1271,-2896
1272,-2899
1273,-2901
1274,-2904
1275,-2908
1276,-2911
1277,-2915
1278,-2919
1279,-2920
1280,-2924
1281,-2928
1282,-2931
1283,-2935
1284,-2939
1285,-2940
1286,-2944
1287,-2948
1288,-2952
1289,-2955
1290,-2959
1291,-2961
1292,-2964
1293,-2968
1294,-2972
1295,-2975
1296,-2979
1297,-2980
1298,-2984
1299,-2987
1300,-2990
1301,-2993
1302,-2997
1303,-2998
1304,-3001
1305,-3005
1306,-3008
1307,-3012
1308,-3015
1309,-3017
1310,-3020
1311,-3024
1312,-3027
1313,-3031
1314,-3034
1315,-3036
1316,-3040
1317,-3044
1318,-3047
1319,-3051
1320,-3055
1321,-3057
1322,-3061
1323,-3064
1324,-3068
1325,-3072
1326,-3075
1327,-3077
1328,-3080
1329,-3084
1330,-3087
1331,-3091
1332,-3094
1333,-3096
1334,-3099
1335,-3103
1336,-3106
1337,-3109
1338,-3113
1339,-3114
1340,-3118
1341,-3121
1342,-3124
1343,-3128
1344,-3131
1345,-3132
1346,-3136
1347,-3139
1348,-3142
1349,-3145
1350,-3148
1351,-3150
1352,-3153
1353,-3156
1354,-3159
1355,-3162
1356,-3165
1357,-3166
1358,-3169
1359,-3172
1360,-3175
1361,-3177
1362,-3180
1363,-3181
1364,-3184
1365,-3187
1366,-3190
1367,-3192
1368,-3195
1369,-3197
1370,-3199
1371,-3202
1372,-3205
1373,-3208
1374,-3211
1375,-3213
1376,-3215
1377,-3218
1378,-3221
1379,-3225
1380,-3228
1381,-3229
1382,-3232
1383,-3235
1384,-3238
1385,-3241
1386,-3244
1387,-3245
1388,-3248
1389,-3251
1390,-3254
1391,-3256
1392,-3259
1393,-3260
1394,-3262
1395,-3265
1396,-3267
1397,-3270
1398,-3272
1399,-3274
1400,-3276
1401,-3279
1402,-3281
1403,-3284
1404,-3286
1405,-3287
1406,-3290
1407,-3292
1408,-3295
1409,-3298
1410,-3300
1411,-3302
1412,-3304
1413,-3307
1414,-3310
1415,-3313
1416,-3316
1417,-3317
1418,-3320
1419,-3323
1420,-3326
1421,-3329
1422,-3332
1423,-3333
1424,-3336
1425,-3339
1426,-3342
1427,-3345
1428,-3347
1429,-3348
1430,-3351
1431,-3354
1432,-3356
1433,-3358
1434,-3361
1435,-3362
1436,-3364
1437,-3367
1438,-3369
1439,-3371
1440,-3374
1441,-3375
1442,-3377
1443,-3379
1444,-3382
1445,-3384
1446,-3386
1447,-3387
1448,-3390
1449,-3392
1450,-3395
1451,-3397
1452,-3400
1453,-3401
1454,-3403
1455,-3406
1456,-3409
1457,-3411
1458,-3414
1459,-3415
1460,-3418
1461,-3421
1462,-3424
1463,-3426
1464,-3429
1465,-3431
1466,-3433
1467,-3436
1468,-3439
1469,-3441
1470,-3444
1471,-3445
1472,-3448
1473,-3450
1474,-3453
1475,-3456
1476,-3458
1477,-3459
1478,-3462
1479,-3464
1480,-3467
1481,-3469
1482,-3472
1483,-3473
1484,-3475
1485,-3478
1486,-3480
1487,-3483
1488,-3485
1489,-3487
1490,-3489
1491,-3492
1492,-3495
1493,-3498
1494,-3500
1495,-3502
1496,-3504
1497,-3507
1498,-3510
1499,-3513
1500,-3515
1501,-3517
1502,-3519
1503,-3522
1504,-3525
1505,-3527
1506,-3529
1507,-3531
1508,-3533
1509,-3535
1510,-3538
1511,-3540
1512,-3542
1513,-3544
1514,-3546
1515,-3548
1516,-3550
1517,-3553
1518,-3555
1519,-3556
1520,-3558
1521,-3560
1522,-3562
1523,-3564
1524,-3567
1525,-3568
1526,-3570
1527,-3572
1528,-3574
1529,-3576
1530,-3578
1531,-3580
1532,-3582
1533,-3584
1534,-3586
1535,-3589
1536,-3591
1537,-3592
1538,-3595
1539,-3597
1540,-3600
1541,-3602
1542,-3605
1543,-3606
1544,-3609
1545,-3612
1546,-3615
1547,-3618
1548,-3621
1549,-3622
1550,-3625
1551,-3628
1552,-3631
1553,-3634
1554,-3637
1555,-3638
1556,-3641
1557,-3643
1558,-3646
1559,-3649
1560,-3652
1561,-3653
1562,-3656
1563,-3659
1564,-3662
1565,-3665
1566,-3668
1567,-3669
1568,-3672
1569,-3675
1570,-3679
1571,-3682
1572,-3685
1573,-3687
1574,-3690
1575,-3693
1576,-3697
1577,-3700
1578,-3704
1579,-3705
1580,-3709
1581,-3713
1582,-3716
1583,-3720
1584,-3724
1585,-3726
1586,-3729
1587,-3733
1588,-3737
1589,-3740
1590,-3744
1591,-3745
1592,-3749
1593,-3752
1594,-3756
1595,-3759
1596,-3763
1597,-3764
1598,-3768
1599,-3771
1600,-3775
1601,-3779
1602,-3782
1603,-3784
1604,-3788
1605,-3791
1606,-3795
1607,-3798
1608,-3802
1609,-3804
1610,-3807
1611,-3811
1612,-3814
1613,-3817
1614,-3821
1615,-3822
1616,-3825
1617,-3828
1618,-3831
1619,-3834
1620,-3837
1621,-3838
1622,-3841
1623,-3844
1624,-3847
1625,-3850
1626,-3853
1627,-3854
1628,-3857
1629,-3861
1630,-3864
1631,-3867
1632,-3870
1633,-3872
1634,-3875
1635,-3878
1636,-3881
1637,-3884
1638,-3887
1639,-3888
1640,-3891
1641,-3894
1642,-3897
1643,-3900
1644,-3903
1645,-3904
1646,-3907
1647,-3910
1648,-3912
1649,-3915
1650,-3917
1651,-3918
1652,-3921
1653,-3923
1654,-3926
1655,-3928
1656,-3930
1657,-3932
1658,-3934
1659,-3937
1660,-3939
1661,-3942
1662,-3945
1663,-3946
1664,-3949
1665,-3951
1666,-3954
1667,-3957
1668,-3960
1669,-3961
1670,-3964
1671,-3967
1672,-3970
1673,-3973
1674,-3976
1675,-3978
1676,-3981
1677,-3984
1678,-3987
1679,-3990
1680,-3994
1681,-3995
1682,-3998
1683,-4001
1684,-4004
1685,-4007
1686,-4010
1687,-4012
1688,-4015
1689,-4017
1690,-4020
1691,-4023
1692,-4026
1693,-4027
1694,-4030
1695,-4033
1696,-4036
1697,-4039
1698,-4041
1699,-4043
1700,-4046
1701,-4048
1702,-4051
1703,-4054
1704,-4057
1705,-4058
1706,-4061
1707,-4064
1708,-4067
1709,-4070
1710,-4073
1711,-4074
1712,-4077
1713,-4080
1714,-4083
1715,-4085
1716,-4088
1717,-4089
1718,-4092
1719,-4095
1720,-4097
1721,-4100
1722,-4102
1723,-4103
1724,-4106
1725,-4108
1726,-4110
1727,-4113
1728,-4115
1729,-4116
1730,-4119
1731,-4121
1732,-4124
1733,-4126
1734,-4129
1735,-4130
1736,-4132
1737,-4135
1738,-4137
1739,-4140
1740,-4142
1741,-4143
1742,-4146
1743,-4148
1744,-4151
1745,-4154
1746,-4156
1747,-4157
1748,-4160
1749,-4163
1750,-4165
1751,-4168
1752,-4171
1753,-4172
1754,-4175
1755,-4177
1756,-4180
1757,-4182
1758,-4185
1759,-4186
1760,-4188
1761,-4190
1762,-4193
1763,-4195
1764,-4197
1765,-4198
1766,-4200
1767,-4202
1768,-4204
1769,-4206
1770,-4208
1771,-4209
1772,-4211
1773,-4213
1774,-4214
1775,-4216
1776,-4218
1777,-4219
1778,-4220
1779,-4222
1780,-4224
1781,-4225
1782,-4227
1783,-4228
1784,-4229
1785,-4231
1786,-4233
1787,-4234
1788,-4236
1789,-4237
1790,-4239
1791,-4241
1792,-4243
1793,-4245
1794,-4247
1795,-4248
1796,-4251
1797,-4253
1798,-4256
1799,-4258
