0,0
1,0
2,0
3,1
4,2
5,2
6,3
7,4
8,6
9,8
10,10
11,11
12,13
13,16
14,19
15,22
16,25
17,27
18,30
19,34
20,37
21,41
22,45
23,47
24,52
25,56
26,60
27,64
28,69
29,71
30,75
31,80
32,84
33,89
34,94
35,96
36,101
37,106
38,111
39,116
40,121
41,123
42,128
43,134
44,139
45,144
46,149
47,152
48,157
49,163
50,168
51,173
52,178
53,181
54,186
55,191
56,196
57,202
58,207
59,210
60,215
61,221
62,226
63,232
64,237
65,240
66,245
67,251
68,257
69,262
70,268
71,270
72,276
73,282
74,288
75,294
76,300
77,302
78,308
79,314
80,321
81,327
82,333
83,336
84,342
85,348
86,354
87,360
88,366
89,369
90,375
91,381
92,387
93,393
94,400
95,403
96,409
97,415
98,422
99,428
100,435
101,438
102,444
103,451
104,457
105,463
106,470
107,473
108,479
109,486
110,492
111,499
112,505
113,508
114,515
115,521
116,528
117,534
118,540
119,543
120,549
121,556
122,562
123,568
124,574
125,577
126,584
127,590
128,596
129,603
130,609
131,612
132,618
133,624
134,631
135,637
136,643
137,646
138,652
139,658
140,664
141,670
142,676
143,679
144,685
145,691
146,697
147,703
148,709
149,712
150,718
151,724
152,730
153,736
154,742
155,745
156,750
157,756
158,762
159,768
160,774
161,776
162,782
163,788
164,794
165,799
166,805
167,808
168,813
169,819
170,824
171,829
172,835
173,837
174,843
175,848
176,853
177,859
178,864
179,867
180,872
181,878
182,883
183,889
184,894
185,896
186,902
187,907
188,912
189,917
190,922
191,924
192,929
193,934
194,939
195,944
196,948
197,950
198,955
199,960
200,965
201,969
202,974
203,977
204,981
205,986
206,991
207,996
208,1000
209,1003
210,1007
211,1012
212,1017
213,1021
214,1026
215,1029
216,1033
217,1038
218,1043
219,1048
220,1053
221,1056
222,1061
223,1066
224,1071
225,1077
226,1082
227,1084
228,1090
229,1095
230,1100
231,1105
232,1110
233,1113
234,1118
235,1123
236,1129
237,1134
238,1140
239,1142
240,1148
241,1153
242,1159
243,1164
244,1170
245,1173
246,1178
247,1184
248,1190
249,1195
250,1201
251,1204
252,1209
253,1215
254,1221
255,1226
256,1232
257,1234
258,1240
259,1246
260,1252
261,1257
262,1263
263,1266
264,1271
265,1277
266,1283
267,1288
268,1294
269,1297
270,1302
271,1308
272,1314
273,1320
274,1326
275,1328
276,1334
277,1340
278,1346
279,1352
280,1358
281,1361
282,1367
283,1373
284,1379
285,1385
286,1391
287,1394
288,1400
289,1406
290,1412
291,1418
292,1424
293,1427
294,1433
295,1439
296,1445
297,1451
298,1457
299,1460
300,1466
301,1472
302,1479
303,1485
304,1491
305,1494
306,1500
307,1506
308,1512
309,1518
310,1524
311,1527
312,1533
313,1539
314,1545
315,1551
316,1557
317,1560
318,1565
319,1571
320,1577
321,1582
322,1587
323,1590
324,1595
325,1601
326,1606
327,1611
328,1617
329,1619
330,1625
331,1630
332,1636
333,1641
334,1647
335,1649
336,1655
337,1660
338,1666
339,1671
340,1677
341,1679
342,1685
343,1690
344,1695
345,1700
346,1706
347,1708
348,1714
349,1719
350,1725
351,1730
352,1736
353,1738
354,1744
355,1749
356,1755
357,1760
358,1765
359,1768
360,1773
361,1778
362,1783
363,1789
364,1794
365,1796
366,1801
367,1807
368,1812
369,1817
370,1822
371,1824
372,1829
373,1834
374,1839
375,1844
376,1849
377,1852
378,1857
379,1861
380,1866
381,1871
382,1876
383,1878
384,1883
385,1888
386,1893
387,1898
388,1904
389,1906
390,1911
391,1917
392,1922
393,1927
394,1933
395,1935
396,1941
397,1946
398,1952
399,1957
400,1963
401,1966
402,1971
403,1977
404,1983
405,1989
406,1994
407,1997
408,2003
409,2009
410,2015
411,2021
412,2027
413,2029
414,2035
415,2041
416,2047
417,2053
418,2059
419,2061
420,2067
421,2073
422,2079
423,2085
424,2090
425,2093
426,2099
427,2105
428,2111
429,2117
430,2123
431,2126
432,2132
433,2137
434,2143
435,2149
436,2155
437,2157
438,2163
439,2169
440,2174
441,2180
442,2185
443,2188
444,2194
445,2199
446,2205
447,2211
448,2217
449,2219
450,2225
451,2231
452,2237
453,2242
454,2248
455,2251
456,2256
457,2262
458,2268
459,2273
460,2279
461,2282
462,2288
463,2293
464,2299
465,2305
466,2311
467,2314
468,2319
469,2325
470,2331
471,2336
472,2342
473,2345
474,2350
475,2356
476,2362
477,2367
478,2373
479,2376
480,2382
481,2388
482,2393
483,2399
484,2405
485,2408
486,2414
487,2420
488,2426
489,2432
490,2437
491,2440
492,2446
493,2452
494,2458
495,2464
496,2470
497,2473
498,2479
499,2485
500,2490
501,2496
502,2502
503,2505
504,2510
505,2516
506,2521
507,2526
508,2532
509,2534
510,2539
511,2544
512,2550
513,2555
514,2560
515,2562
516,2568
517,2573
518,2578
519,2583
520,2588
521,2591
522,2596
523,2601
524,2606
525,2611
526,2617
527,2619
528,2624
529,2629
530,2634
531,2640
532,2645
533,2647
534,2653
535,2658
536,2663
537,2668
538,2674
539,2676
540,2681
541,2687
542,2692
543,2697
544,2702
545,2705
546,2710
547,2715
548,2720
549,2726
550,2731
551,2733
552,2739
553,2744
554,2750
555,2755
556,2761
557,2763
558,2769
559,2774
560,2780
561,2785
562,2791
563,2793
564,2799
565,2804
566,2809
567,2815
568,2820
569,2823
570,2828
571,2833
572,2839
573,2844
574,2850
575,2852
576,2858
577,2863
578,2869
579,2875
580,2880
581,2883
582,2888
583,2893
584,2899
585,2904
586,2909
587,2912
588,2917
589,2923
590,2928
591,2934
592,2939
593,2941
594,2947
595,2952
596,2958
597,2963
598,2968
599,2971
600,2976
601,2981
602,2987
603,2992
604,2997
605,3000
606,3005
607,3010
608,3016
609,3021
610,3026
611,3029
612,3034
613,3039
614,3044
615,3050
616,3055
617,3057
618,3063
619,3068
620,3073
621,3079
622,3084
623,3086
624,3092
625,3097
626,3102
627,3108
628,3113
629,3116
630,3121
631,3127
632,3133
633,3138
634,3144
635,3147
636,3152
637,3158
638,3164
639,3169
640,3175
641,3177
642,3183
643,3189
644,3194
645,3200
646,3205
647,3208
648,3214
649,3220
650,3225
651,3231
652,3237
653,3240
654,3246
655,3252
656,3258
657,3264
658,3269
659,3272
660,3278
661,3284
662,3290
663,3296
664,3301
665,3304
666,3310
667,3316
668,3322
669,3328
670,3334
671,3337
672,3343
673,3350
674,3356
675,3362
676,3367
677,3370
678,3376
679,3382
680,3388
681,3393
682,3399
683,3402
684,3408
685,3414
686,3420
687,3425
688,3431
689,3434
690,3439
691,3445
692,3451
693,3456
694,3461
695,3464
696,3469
697,3474
698,3480
699,3485
700,3491
701,3493
702,3499
703,3504
704,3510
705,3516
706,3521
707,3524
708,3530
709,3536
710,3542
711,3547
712,3553
713,3556
714,3562
715,3568
716,3573
717,3579
718,3585
719,3588
720,3593
721,3599
722,3605
723,3611
724,3617
725,3620
726,3625
727,3631
728,3637
729,3643
730,3649
731,3652
732,3657
733,3663
734,3669
735,3675
736,3681
737,3683
738,3689
739,3695
740,3701
741,3707
742,3713
743,3716
744,3722
745,3728
746,3733
747,3739
748,3745
749,3748
750,3754
751,3759
752,3765
753,3771
754,3776
755,3779
756,3785
757,3791
758,3796
759,3802
760,3808
761,3811
762,3816
763,3822
764,3828
765,3833
766,3839
767,3841
768,3847
769,3853
770,3858
771,3864
772,3869
773,3872
774,3878
775,3884
776,3889
777,3895
778,3901
779,3903
780,3909
781,3915
782,3920
783,3926
784,3932
785,3934
786,3940
787,3945
788,3951
789,3957
790,3962
791,3965
792,3970
793,3976
794,3982
795,3988
796,3993
797,3996
798,4002
799,4008
800,4014
801,4019
802,4025
803,4028
804,4034
805,4039
806,4045
807,4051
808,4056
809,4059
810,4065
811,4071
812,4077
813,4082
814,4088
815,4091
816,4097
817,4102
818,4108
819,4114
820,4119
821,4122
822,4127
823,4132
824,4138
825,4143
826,4148
827,4151
828,4156
829,4162
830,4167
831,4172
832,4177
833,4180
834,4185
835,4190
836,4196
837,4201
838,4206
839,4208
840,4213
841,4218
842,4223
843,4228
844,4233
845,4236
846,4241
847,4246
848,4251
849,4256
850,4260
851,4263
852,4268
853,4273
854,4277
855,4282
856,4287
857,4289
858,4294
859,4299
860,4304
861,4308
862,4313
863,4315
864,4320
865,4325
866,4330
867,4334
868,4339
869,4341
870,4346
871,4351
872,4356
873,4361
874,4366
875,4368
876,4373
877,4378
878,4383
879,4388
880,4392
881,4395
882,4399
883,4404
884,4409
885,4413
886,4418
887,4420
888,4425
889,4430
890,4435
891,4439
892,4444
893,4447
894,4452
895,4456
896,4461
897,4466
898,4471
899,4474
900,4479
901,4483
902,4488
903,4493
904,4497
905,4500
906,4505
907,4509
908,4514
909,4519
910,4524
911,4526
912,4531
913,4536
914,4541
915,4545
916,4550
917,4553
918,4557
919,4562
920,4567
921,4572
922,4577
923,4579
924,4584
925,4589
926,4594
927,4598
928,4603
929,4606
930,4611
931,4616
932,4621
933,4626
934,4631
935,4633
936,4638
937,4644
938,4649
939,4654
940,4660
941,4662
942,4668
943,4673
944,4678
945,4684
946,4689
947,4692
948,4697
949,4703
950,4708
951,4714
952,4719
953,4722
954,4728
955,4734
956,4740
957,4745
958,4751
959,4754
960,4760
961,4766
962,4772
963,4778
964,4784
965,4787
966,4793
967,4799
968,4805
969,4811
970,4817
971,4820
972,4826
973,4833
974,4839
975,4846
976,4852
977,4856
978,4862
979,4869
980,4876
981,4883
982,4889
983,4893
984,4899
985,4906
986,4913
987,4921
988,4928
989,4931
990,4938
991,4946
992,4953
993,4961
994,4968
995,4971
996,4979
997,4986
998,4993
999,5001
1000,5008
1001,5012
1002,5020
1003,5027
1004,5034
1005,5042
1006,5049
1007,5053
1008,5060
1009,5067
1010,5074
1011,5081
1012,5088
1013,5092
1014,5099
1015,5106
1016,5113
1017,5119
1018,5126
1019,5128
1020,5134
1021,5139
1022,5143
1023,5147
1024,5150
1025,5152
1026,5154
1027,5156
1028,5158
1029,5160
1030,5160
1031,5161
1032,5161
1033,5161
1034,5161
1035,5161
1036,5160
1037,5160
1038,5159
1039,5159
1040,5159
1041,5158
1042,5158
1043,5158

